"","Date","covid","research_volume","a_released","a_screen","a_aud","weekdays","weekdays_kind","decideCnt","deathCnt","careCnt","newCnt","newDeathCnt","pm","mean_av_temp","mean_low_temp","mean_high_temp","mean_rain_time","mean_daily_rain","mean_high_wind","mean_av_wind","mean_min_humid","mean_av_humid","mean_d_new_snow","mean_d_snow","d_val","d_index"
"1",2018-05-07,"before",15.28537,0,96,772485,"Monday","off",0,0,0,0,0,23,16.20319149,13.01052632,20.72631579,1.474736842,13.06631579,4.343157895,1.636842105,61.67368421,85.97553191,0,0,51.2978939489695,"comfy"
"2",2018-05-08,"before",18.29933,3,96,192079,"Tuesday","on",0,0,0,0,0,19.24,14.75425532,11.38,18.88526316,0.243894737,0.446315789,5.349473684,2.86,55.15789474,72.70319149,0,0,41.4177248991458,"comfy"
"3",2018-05-09,"before",18.77263,5,103,209841,"Wednesday","on",0,0,0,0,0,19.6086956521739,13.34315789,9.076842105,18.54526316,0.037894737,0.052631579,4.605263158,2.186315789,49.15789474,69.41157895,0,0,39.0661930320816,"comfy"
"4",2018-05-10,"before",16.76749,9,96,192723,"Thursday","on",0,0,0,0,0,28.4285714285715,15.03894737,9.216842105,21.81684211,0.025473684,0,4.406315789,1.770526316,41.63157895,71.25578947,0,0,40.5937578981026,"comfy"
"5",2018-05-11,"before",15.54498,2,94,260119,"Friday","on",0,0,0,0,0,33.3571428571429,16.67578947,9.872631579,23.44842105,0.069473684,0.007368421,4.398947368,1.793684211,29.58947368,61.54,0,0,34.0056184534035,"comfy"
"6",2018-05-12,"before",13.04493,0,94,637475,"Saturday","off",0,0,0,0,0,23.1304347826086,15.91052632,13.4,18.50631579,3.194947368,15.78421053,4.664210526,2.011578947,58.56842105,85.73894737,0,0,50.8227083213178,"comfy"
"7",2018-05-13,"before",13.66093,0,93,533145,"Sunday","off",0,0,0,0,0,18.7692307692307,17.22210526,13.36421053,22.40842105,0.928210526,6.163157895,4.783157895,2,56.76595745,82.04148936,0,0,49.407800900526,"comfy"
"8",2018-05-14,"before",19.36623,0,85,143487,"Monday","on",0,0,0,0,0,41.4285714285716,19.01368421,12.04210526,26.42105263,0.05,0,4.203157895,1.622105263,41.14893617,71.58085106,0,0,42.0551400755244,"comfy"
"9",2018-05-15,"before",18.7768,4,103,159475,"Tuesday","on",0,0,0,0,0,50.7142857142856,21.98947368,14.82842105,28.9,0.202315789,0.034736842,4.082978723,1.685106383,36.44680851,68.37553191,0,0,39.7684189558219,"comfy"
"10",2018-05-16,"before",18.16953,9,112,454823,"Wednesday","on",0,0,0,0,0,26.0588235294118,22.30842105,20.08631579,24.72,1.495789474,6.518947368,5.40212766,2.577659574,75.5,89.38829787,0,0,61.3034721177892,"comfy"
"11",2018-05-17,"before",17.38084,17,102,405928,"Thursday","on",0,0,0,0,0,16.3333333333334,22.35368421,19.32,25.92421053,1.79,16.36947368,5.640425532,2.595744681,76.10638298,88.71935484,0,0,60.6741959022134,"comfy"
"12",2018-05-18,"before",18.63561,3,97,504388,"Friday","on",0,0,0,0,0,14.7777777777777,17.40631579,13.35894737,21.81473684,1.845157895,11.22947368,5.09893617,2.361702128,79.15957447,91.06236559,0,0,56.4808503991774,"comfy"
"13",2018-05-19,"before",17.39943,0,90,906097,"Saturday","off",0,0,0,0,0,14.75,15.45368421,10.87368421,20.59157895,0.108631579,0.162105263,5.218085106,2.74787234,46.48421053,68.55698925,0,0,38.9241658709734,"comfy"
"14",2018-05-20,"before",14.48719,1,95,774024,"Sunday","off",0,0,0,0,0,13.5789473684211,15.39052632,9.264210526,21.52631579,0.040421053,0.034736842,5.757446809,2.946808511,33.05263158,57.76,0,0,31.7757601667072,"comfy"
"15",2018-05-21,"before",20.01525,1,93,521575,"Monday","on",0,0,0,0,0,17.88,16.07052632,10.17473684,21.93894737,0.023473684,0,4.558510638,2.118085106,49.56842105,69.94421053,0,0,39.9875296824808,"comfy"
"16",2018-05-22,"before",16.84075,6,87,1005108,"Tuesday","off",0,0,0,0,0,22.5714285714285,17.42736842,11.95894737,23.59052632,1.605157895,7.055789474,4.058510638,1.561702128,49.65263158,79.07368421,0,0,47.3066416830628,"comfy"
"17",2018-05-23,"before",21.79835,3,98,325087,"Wednesday","on",0,0,0,0,0,34.2499999999999,17.83684211,12.44947368,23.81578947,1.260421053,13.72315789,5.504255319,2.438297872,31.03157895,68.59789474,0,0,39.3308397927195,"comfy"
"18",2018-05-24,"before",18.28263,14,97,317204,"Thursday","on",0,0,0,0,0,78.4999999999998,18.62,9.735789474,26.33684211,0,0,5.382105263,2.101052632,26.54736842,55.98947368,0,0,28.9918842596636,"comfy"
"19",2018-05-25,"before",15.43454,3,92,409472,"Friday","on",0,0,0,0,0,71.2857142857146,19.43578947,12.18315789,26.79578947,0.014526316,0.043157895,4.332631579,1.623157895,23.32631579,55.34736842,0,0,28.024106948414,"comfy"
"20",2018-05-26,"before",12.5462,0,104,855830,"Saturday","off",0,0,0,0,0,53.392857142857,19.69578947,12.10842105,27.5,0.060736842,0.248421053,4.432631579,1.592631579,33.61052632,63.95894737,0,0,35.5162641122318,"comfy"
"21",2018-05-27,"before",13.93078,0,85,772999,"Sunday","off",0,0,0,0,0,50.2142857142859,19.44105263,14.28421053,25.06210526,0.046526316,0.098947368,3.84,1.350526316,43.89473684,70.44315789,0,0,41.196830727041,"comfy"
"22",2018-05-28,"before",17.53076,3,85,266385,"Monday","on",0,0,0,0,0,40.8571428571429,20.09473684,15.04631579,25.68421053,0.285894737,1.053684211,4.154736842,1.547368421,51.83157895,74.94947368,0,0,45.4509514688316,"comfy"
"23",2018-05-29,"before",17.26811,7,91,238689,"Tuesday","on",0,0,0,0,0,34.4999999999999,21.23473684,16.75052632,26.63368421,0.263894737,0.965263158,4.150526316,1.484210526,55.86315789,78.24315789,0,0,49.1942120624466,"comfy"
"24",2018-05-30,"before",16.77508,12,94,484155,"Wednesday","on",0,0,0,0,0,30.6538461538461,20.44526316,16.60526316,25.61789474,0.336421053,2.548421053,4.645263158,1.711578947,54.28421053,79.99894737,0,0,50.2951997241029,"comfy"
"25",2018-05-31,"before",15.81636,10,96,251883,"Thursday","on",0,0,0,0,0,28.9999999999999,19.28631579,14.04842105,25.49789474,0,0.001052632,4.335789474,1.806315789,41.30526316,68.34,0,0,39.3386498211293,"comfy"
"26",2018-06-01,"before",15.66416,8,86,310475,"Friday","on",0,0,0,0,0,31.1428571428573,21.66210526,13.96421053,29.43473684,0,0,4.249473684,1.595789474,33.75789474,62.89052632,0,0,34.2962719730235,"comfy"
"27",2018-06-02,"before",12.32379,0,79,668921,"Saturday","off",0,0,0,0,0,31.1923076923077,22.75473684,15.36842105,30.57157895,0,0,4.204210526,1.613684211,29.04210526,57.73894737,0,0,28.7562122340897,"comfy"
"28",2018-06-03,"before",12.84377,1,81,574313,"Sunday","off",0,0,0,0,0,30.0769230769231,22.16631579,15.46736842,29.77368421,0,0,4.216842105,1.515789474,29.64210526,58.86,0,0,30.1344518208687,"comfy"
"29",2018-06-04,"before",16.93411,2,88,185756,"Monday","on",0,0,0,0,0,33.4642857142858,21.92947368,15.67473684,28.20842105,0.047578947,0.030526316,4.290526316,1.603157895,37.94736842,63.55263158,0,0,34.9230848699161,"comfy"
"30",2018-06-05,"before",15.77157,1,87,250321,"Tuesday","on",0,0,0,0,0,34.107142857143,21.10421053,17.54736842,25.92105263,1.044105263,2.822105263,3.814736842,1.509473684,51.43157895,75.04,0,0,46.0335917491952,"comfy"
"31",2018-06-06,"before",12.95915,5,85,1600521,"Wednesday","off",0,0,0,0,0,35.7500000000001,22.1,16.62210526,28.75789474,0,0,3.907368421,1.506315789,46.30526316,74.03263158,0,0,45.5081641852755,"comfy"
"32",2018-06-07,"before",15.77916,21,103,359108,"Thursday","on",0,0,0,0,0,39.0000000000001,22.78,17.23157895,29.56,0,0,4.028421053,1.607368421,44.78947368,73.08947368,0,0,44.8218167587484,"comfy"
"33",2018-06-08,"before",14.92708,0,95,460553,"Friday","on",0,0,0,0,0,35.3703703703703,22.03368421,17.51684211,27.63473684,0.056105263,0,4.210526316,1.877894737,48.23157895,72.88315789,0,0,44.3198043529171,"comfy"
"34",2018-06-09,"before",12.28546,1,90,1085803,"Saturday","off",0,0,0,0,0,32.5925925925925,20.96210526,17.06210526,25.96631579,0.512210526,0.773684211,5.316842105,2.523157895,52.65263158,72.26842105,0,0,43.3238387858592,"comfy"
"35",2018-06-10,"before",12.83694,0,94,968639,"Sunday","off",0,0,0,0,0,15.7222222222222,19.47368421,16.94526316,23.14842105,1.018315789,1.418947368,4.802105263,2.432631579,59.45263158,74.21263158,0,0,44.5015778954191,"comfy"
"36",2018-06-11,"before",16.06344,0,93,245685,"Monday","on",0,0,0,0,0,13.35,18.28,16.27157895,21.56,1.280421053,9.328421053,4.018947368,1.796842105,65.27368421,81.24736842,0,0,49.6744253149346,"comfy"
"37",2018-06-12,"before",15.5985,5,102,312723,"Tuesday","on",0,0,0,0,0,15.7916666666667,19.22659574,15.71368421,24.21578947,0.255578947,1.081052632,4.181052632,1.692631579,55.4,76.44574468,0,0,46.3137702668034,"comfy"
"38",2018-06-13,"before",12.76786,5,90,1003819,"Wednesday","off",0,0,0,0,0,21.9199999999999,20.15368421,16.02526316,25.25368421,0.084736842,0.091578947,4.556842105,1.896842105,54.75789474,75.24105263,0,0,45.7452467035598,"comfy"
"39",2018-06-14,"before",15.48426,11,101,291372,"Thursday","on",0,0,0,0,0,21.5000000000001,20.27578947,17.25368421,24.69263158,0.561263158,1.923157895,5.026315789,2.476842105,56.54736842,73.84210526,0,0,44.525064732352,"comfy"
"40",2018-06-15,"before",16.05091,6,93,377023,"Friday","on",0,0,0,0,0,19.0869565217391,19.64,16.05157895,24.39789474,0.286210526,0.394736842,4.938947368,2.582105263,50.04210526,67.76526316,0,0,38.8826027702804,"comfy"
"41",2018-06-16,"before",11.80382,0,90,838251,"Saturday","off",0,0,0,0,0,18.2400000000001,19.48315789,14.58736842,25.49473684,0.000842105,0,4.485263158,2.109473684,45.96842105,67.99263158,0,0,39.0633968792639,"comfy"
"42",2018-06-17,"before",12.60693,0,90,736837,"Sunday","off",0,0,0,0,0,25.1071428571428,20.64526316,14.61473684,26.85894737,0,0,3.668421053,1.321052632,48.4,74.46105263,0,0,45.2642975468712,"comfy"
"43",2018-06-18,"before",16.32077,3,96,192354,"Monday","on",0,0,0,0,0,28.1153846153847,22.95789474,17.55368421,29.34105263,0.035263158,0.002105263,3.794736842,1.424210526,43.65263158,70.13894737,0,0,41.7745153708464,"comfy"
"44",2018-06-19,"before",89.92841,7,104,238310,"Tuesday","on",0,0,0,0,0,29.2400000000001,21.14736842,17.93578947,25.53894737,1.451368421,5.137894737,3.570526316,1.329473684,58.88421053,81.4606383,0,0,52.2313241697047,"comfy"
"45",2018-06-20,"before",17.47838,6,104,264316,"Wednesday","on",0,0,0,0,0,27.9230769230768,22.27894737,17.67789474,27.98526316,0.052315789,0.055789474,4.64,1.918947368,47.28421053,73.55684211,0,0,45.1016578212867,"comfy"
"46",2018-06-21,"before",16.41262,18,83,264326,"Thursday","on",0,0,0,0,0,29.3703703703704,22.84842105,17.53578947,29.26736842,0,0,4.914736842,2.042105263,33.27368421,63.78526316,0,0,35.0716259814023,"comfy"
"47",2018-06-22,"before",15.42694,3,85,328921,"Friday","on",0,0,0,0,0,26.3461538461538,23.43894737,16.48947368,30.63157895,0.025052632,0.027368421,3.962105263,1.510526316,28.54736842,57.74,0,0,28.4780971625136,"comfy"
"48",2018-06-23,"before",12.01902,1,89,595869,"Saturday","off",0,0,0,0,0,29.6071428571428,23.46105263,18.88105263,29.41578947,0.097789474,0.066315789,4.607368421,1.924210526,36.12631579,61.54210526,0,0,32.5861479969112,"comfy"
"49",2018-06-24,"before",12.06494,0,93,603287,"Sunday","off",0,0,0,0,0,37.7857142857143,25.10631579,18.72631579,32.28210526,0,0,4.581052632,1.954736842,34.61052632,62.91157895,0,0,33.8422364556348,"comfy"
"50",2018-06-25,"before",17.56112,2,85,228044,"Monday","on",0,0,0,0,0,40.0370370370371,24.98736842,18.60421053,32.00105263,0.006105263,0,3.843157895,1.475789474,36.87368421,65.02736842,0,0,36.3184314093313,"comfy"
"51",2018-06-26,"before",18.10159,3,96,232153,"Tuesday","on",0,0,0,0,0,28.9583333333334,23.16421053,20.21368421,26.22526316,2.430526316,26.16631579,6.166315789,2.677894737,70.26315789,88.19052632,0,0,61.0909734088523,"comfy"
"52",2018-06-27,"before",17.70117,8,93,458725,"Wednesday","on",0,0,0,0,0,17.4705882352941,24.14042553,21.44736842,28.18526316,1.295368421,29.89578947,5.985263158,2.678723404,65.65263158,84.93829787,0,0,58.6087036554699,"comfy"
"53",2018-06-28,"before",14.97149,13,91,284721,"Thursday","on",0,0,0,0,0,16.1333333333334,22.65263158,20.36631579,25.56736842,2.175578947,44.91368421,5.042105263,1.806315789,76.33684211,89.80421053,0,0,62.1649983209572,"comfy"
"54",2018-06-29,"before",15.07814,3,97,364347,"Friday","on",0,0,0,0,0,21.9583333333334,23.99578947,20.55052632,28.83684211,0.436526316,3.401052632,4.197894737,1.601052632,62.90526316,84.61368421,0,0,58.1016091957457,"comfy"
"55",2018-06-30,"before",13.61652,1,96,774351,"Saturday","off",0,0,0,0,0,23.1363636363637,22.89139785,20.25473684,26.27578947,1.696210526,19.34210526,4.444210526,1.646315789,75.01052632,88.67419355,0,0,61.2775864132048,"comfy"
"56",2018-07-01,"before",14.63863,1,87,697697,"Sunday","off",0,0,0,0,0,14.2857142857143,22.73684211,19.98526316,26.10631579,3.494842105,62.52105263,5.130526316,2.184210526,78.62105263,92.27263158,0,0,64.8512157971875,"comfy"
"57",2018-07-02,"before",18.22001,3,83,265419,"Monday","on",0,0,0,0,0,13,23.55053763,21.23052632,26.61789474,2.755263158,39.59684211,4.745263158,1.844210526,78.74736842,92.36451613,0,0,66.087259979267,"comfy"
"58",2018-07-03,"before",19.38065,8,97,262917,"Tuesday","on",0,0,0,0,0,15.235294117647,24.52659574,21.94680851,28.14574468,1.906421053,14.30421053,5.727659574,2.54893617,69.64893617,85.66989247,0,0,59.8328352966652,"comfy"
"59",2018-07-04,"before",18.15473,6,99,577349,"Wednesday","on",0,0,0,0,0,18.0526315789474,25.37446809,21.85157895,30.48315789,0.545894737,9.529473684,4.7,2.021052632,60.23404255,81.94086022,0,0,56.313403847836,"comfy"
"60",2018-07-05,"before",17.46206,16,98,467739,"Thursday","on",0,0,0,0,0,15.2272727272727,23.41368421,21.61894737,26.73684211,2.113263158,12.79684211,3.752631579,1.481052632,75.04210526,89.16914894,0,0,62.443359172861,"comfy"
"61",2018-07-06,"before",16.31698,4,93,611122,"Friday","on",0,0,0,0,0,10,21.59361702,19.72842105,23.87052632,2.060315789,5.671578947,4.886315789,2.650526316,72.49473684,82.79893617,0,0,53.9208788640767,"comfy"
"62",2018-07-07,"before",12.92992,3,91,1172410,"Saturday","off",0,0,0,0,0,13.5333333333334,21.05,17.72105263,25.49684211,0.332105263,0.22,4.992631579,2.757894737,57.04210526,72.20425532,0,0,43.2932942561335,"comfy"
"63",2018-07-08,"before",13.75315,1,83,1022779,"Sunday","off",0,0,0,0,0,14.1428571428572,20.71368421,17.27789474,24.58631579,0.355684211,0.053684211,4.113684211,2.238947368,61.50526316,74.94631579,0,0,45.7519565370781,"comfy"
"64",2018-07-09,"before",19.29716,1,82,343805,"Monday","on",0,0,0,0,0,9.85000000000002,20.26105263,18.77052632,22.05684211,2.455684211,12.02842105,3.727368421,1.849473684,79.27368421,91.12842105,0,0,60.3467221849539,"comfy"
"65",2018-07-10,"before",19.82244,2,96,370043,"Tuesday","on",0,0,0,0,0,20.2592592592592,24.04680851,20,28.46421053,0.746736842,3.486315789,3.832631579,1.765263158,69.98947368,86.15744681,0,0,59.8713233735378,"comfy"
"66",2018-07-11,"before",19.55525,6,102,370393,"Wednesday","on",0,0,0,0,0,24.2399999999999,26.03052632,22.66421053,30.20526316,0.884421053,3.326315789,3.824210526,1.594736842,67.33263158,84.52315789,0,0,60.0181602247246,"comfy"
"67",2018-07-12,"before",17.75013,19,97,325278,"Thursday","on",0,0,0,0,0,20.4782608695653,27.07052632,23.16526316,31.64421053,0.212315789,0.048421053,3.991578947,1.703157895,61.54736842,81.61052632,0,0,57.3459269036235,"comfy"
"68",2018-07-13,"before",16.98573,3,92,477371,"Friday","on",0,0,0,0,0,17.8260869565217,27.42421053,23.76736842,32.24631579,0.128421053,0.015789474,3.826315789,1.662105263,57.82105263,78.89052632,0,0,54.1341522079992,"comfy"
"69",2018-07-14,"before",13.80857,2,95,978699,"Saturday","off",0,0,0,0,0,19.7777777777779,27.56210526,23.38,32.74,0.036736842,0.002105263,3.984210526,1.668421053,54.90526316,77.26210526,0,0,52.1180114466029,"comfy"
"70",2018-07-15,"before",14.22645,1,90,861755,"Sunday","off",0,0,0,0,0,20.6666666666666,27.82315789,23.14842105,33.45684211,0.006105263,0,3.68,1.497894737,50.55789474,75.70105263,0,0,50.2315959533128,"comfy"
"71",2018-07-16,"before",20.29156,1,90,266831,"Monday","on",0,0,0,0,0,25.96,27.84255319,22.86315789,33.46631579,0,0,3.798947368,1.501052632,49.61789474,74.25638298,0,0,48.3468036078328,"comfy"
"72",2018-07-17,"before",22.69028,1,92,241516,"Tuesday","on",0,0,0,0,0,30.25,27.64842105,22.98421053,33.02842105,0,0,4.035789474,1.592631579,52.06315789,74.26421053,0,0,48.2686822457026,"comfy"
"73",2018-07-18,"before",47.01602,9,109,357066,"Wednesday","on",0,0,0,0,0,31.5599999999999,27.49263158,22.67684211,33.19578947,0,0,3.476842105,1.338947368,50.39052632,75.28631579,0,0,49.5198334538479,"comfy"
"74",2018-07-19,"before",21.07722,16,101,329844,"Thursday","on",0,0,0,0,0,31.5217391304349,27.80421053,22.74947368,33.75578947,0,0,3.504210526,1.358947368,47.97684211,74.12526316,0,0,48.1576248780923,"comfy"
"75",2018-07-20,"before",18.17598,5,103,454427,"Friday","on",0,0,0,0,0,32.7777777777778,28.41157895,22.72842105,34.85894737,0,0,3.456842105,1.302105263,45.69473684,72.76421053,0,0,46.6038943533027,"comfy"
"76",2018-07-21,"before",13.8359,1,99,991880,"Saturday","off",0,0,0,0,0,33,29.05052632,23.75789474,35.08947368,0.022105263,0.011578947,3.794736842,1.52,46.41052632,71.81894737,0,0,45.5450999193395,"comfy"
"77",2018-07-22,"before",14.13118,4,88,948829,"Sunday","off",0,0,0,0,0,26.6666666666666,29.10421053,24.34,34.55894737,0.210947368,0.005263158,4.369473684,1.943157895,47.75789474,70.98631579,0,0,44.4155712807189,"comfy"
"78",2018-07-23,"before",20.54206,6,96,300418,"Monday","on",0,0,0,0,0,22.75,29.22736842,25.07263158,34.56736842,0.026631579,0.098947368,3.743157895,1.637894737,49.33263158,72.01894737,0,0,45.8798487807771,"comfy"
"79",2018-07-24,"before",22.46369,8,112,307202,"Tuesday","on",0,0,0,0,0,26.0416666666668,29.35106383,24.68,34.89157895,0.003894737,0.001052632,3.866315789,1.697894737,50.35473684,74.30638298,0,0,49.1025487343307,"comfy"
"80",2018-07-25,"before",19.48351,10,110,1066069,"Wednesday","on",0,0,0,0,0,24.6249999999999,29.28736842,25.43052632,34.28947368,0.040315789,0.006315789,4.067368421,1.856842105,53.08421053,74.97789474,0,0,50.0049723038623,"comfy"
"81",2018-07-26,"before",17.79492,11,95,671552,"Thursday","on",0,0,0,0,0,28.7083333333332,29.48105263,25.01894737,34.92947368,0.024526316,0.016842105,3.608421053,1.456842105,51.65578947,74.40210526,0,0,49.2957805948569,"comfy"
"82",2018-07-27,"before",16.00233,1,91,740466,"Friday","on",0,0,0,0,0,30.9230769230768,29.64105263,25.14947368,35.64105263,0.009684211,0.083157895,3.843157895,1.461052632,50.21789474,75.83578947,0,0,51.3851766044987,"comfy"
"83",2018-07-28,"before",12.32948,0,91,1453544,"Saturday","off",0,0,0,0,0,27.64,28.63052632,25.40947368,34.08736842,0.135473684,3.483157895,4.477894737,1.697894737,57.10526316,79.43157895,0,0,55.7070049539827,"comfy"
"84",2018-07-29,"before",13.67269,0,89,1383394,"Sunday","off",0,0,0,0,0,18.4166666666666,28.97789474,24.59684211,34.13157895,0.153157895,0.313684211,5.447368421,2.549473684,46.78947368,69.83578947,0,0,42.8022122903926,"comfy"
"85",2018-07-30,"before",18.1274,12,93,742023,"Monday","on",0,0,0,0,0,13.75,28.62631579,24.59263158,33.71894737,0.204631579,0.721052632,4.564893617,2.182978723,50.61052632,70.21263158,0,0,43.2332504752363,"comfy"
"86",2018-07-31,"before",17.62754,7,100,716832,"Tuesday","on",0,0,0,0,0,16.2272727272727,28.87263158,23.63894737,34.91789474,0,0,4.029473684,1.784210526,45.64842105,69.19789474,0,0,41.9075359097762,"comfy"
"87",2018-08-01,"before",18.05529,2,85,1807810,"Wednesday","on",0,0,0,0,0,21.7916666666667,29.70210526,23.69473684,36.29684211,0,0,4.184210526,1.697894737,43.04210526,67.97473684,0,0,40.3422753229496,"comfy"
"88",2018-08-02,"before",16.47373,13,87,1597536,"Thursday","on",0,0,0,0,0,23.2800000000001,29.85263158,24.54315789,35.89052632,0.009789474,0,4.143157895,1.768421053,45.81052632,68.42842105,0,0,41.0041237859036,"comfy"
"89",2018-08-03,"before",15.12141,5,89,1563871,"Friday","on",0,0,0,0,0,24.56,29.73789474,25.05473684,35.15052632,0.104315789,0.245263158,4.434736842,1.997894737,49.22105263,70.77263158,0,0,44.2940930233994,"comfy"
"90",2018-08-04,"before",11.99662,0,83,2056096,"Saturday","off",0,0,0,0,0,23.96,29.85052632,25.52,35.15473684,0.01,0.010526316,4.435789474,1.963157895,50.81052632,71.94210526,0,0,45.9816084706167,"comfy"
"91",2018-08-05,"before",12.61376,0,76,1841879,"Sunday","off",0,0,0,0,0,19.96,29.66736842,25.48105263,34.98210526,0.038526316,1.445263158,4.536842105,1.975789474,49.83157895,71.90631579,0,0,45.8700782319699,"comfy"
"92",2018-08-06,"before",18.5244,1,80,901322,"Monday","on",0,0,0,0,0,21.4285714285714,28.76105263,25.23263158,33.95684211,0.541368421,10.40210526,4.36,1.683157895,55.16842105,77.67263158,0,0,53.4099206162207,"comfy"
"93",2018-08-07,"before",18.34032,1,73,777132,"Tuesday","on",0,0,0,0,0,16.8947368421053,28.30947368,25.07578947,33.31263158,0.084,2.002105263,3.988421053,1.615789474,56.68421053,77.96,0,0,53.5078658288488,"comfy"
"94",2018-08-08,"before",17.65601,5,81,1154112,"Wednesday","on",0,0,0,0,0,18.9130434782608,28.53894737,24.64842105,34.31894737,0.021263158,1.941052632,4.467368421,1.58,51.37894737,76.75157895,0,0,52.027513941314,"comfy"
"95",2018-08-09,"before",16.8806,15,77,956133,"Thursday","on",0,0,0,0,0,19,28.18526316,24.70842105,33.53789474,0.208631579,4.150526316,4.092631579,1.529473684,55.23157895,79.48842105,0,0,55.4596373875077,"comfy"
"96",2018-08-10,"before",16.73371,8,81,996584,"Friday","on",0,0,0,0,0,17.7058823529412,27.44105263,24.69473684,32.08842105,0.583263158,8.129473684,4.181052632,1.552631579,62.28421053,83.11368421,0,0,59.5971227452401,"comfy"
"97",2018-08-11,"before",12.59896,0,72,1759973,"Saturday","off",0,0,0,0,0,14.8,27.38842105,24.16526316,31.96842105,0.136105263,0.68,4.207368421,1.843157895,57.53684211,77.98,0,0,52.9364069930278,"comfy"
"98",2018-08-12,"before",13.08819,2,75,1630055,"Sunday","off",0,0,0,0,0,18.9130434782608,27.86489362,23.82,32.74526316,0.234631579,1.237894737,4.004210526,1.776842105,58.10526316,77.8287234,0,0,53.0472372821434,"comfy"
"99",2018-08-13,"before",18.77946,1,81,731783,"Monday","on",0,0,0,0,0,21.7999999999999,29.31894737,24.91157895,34.86526316,0.093578947,1.250526316,4.197894737,1.765263158,51.23157895,75.36736842,0,0,50.5614737730321,"comfy"
"100",2018-08-14,"before",18.46557,8,85,860070,"Tuesday","on",0,0,0,0,0,21.3749999999999,29.46736842,24.63684211,35.72,0.024526316,0.670526316,4.015789474,1.501052632,45.31578947,71.58421053,0,0,45.353782478498,"comfy"
"101",2018-08-15,"before",14.9176,10,77,1857307,"Wednesday","off",0,0,0,0,0,22.047619047619,28.95052632,24.21789474,35.56631579,0.373157895,5.06,5.095789474,1.829473684,45.56842105,73.53473684,0,0,47.8624027041362,"comfy"
"102",2018-08-16,"before",18.66483,15,91,678560,"Thursday","on",0,0,0,0,0,15.25,26.72210526,23.31684211,31.24631579,0.792842105,7.270526316,6.02,2.737894737,57.62105263,74.96526316,0,0,48.7255062221375,"comfy"
"103",2018-08-17,"before",17.13224,1,86,693119,"Friday","on",0,0,0,0,0,14,24.78526316,20.73578947,29.73052632,0.152105263,0.211578947,5.562105263,3.122105263,44.68421053,60.74947368,0,0,31.3956898472528,"comfy"
"104",2018-08-18,"before",13.25519,1,77,1310444,"Saturday","off",0,0,0,0,0,16.6,23.96947368,18.72,30.12631579,0,0,4.342105263,1.964210526,40.65263158,64.98736842,0,0,36.3018640936929,"comfy"
"105",2018-08-19,"before",14.25681,1,81,1154588,"Sunday","off",0,0,0,0,0,19.4166666666667,24.94210526,19.37473684,31.35157895,0.003473684,0,3.684210526,1.497894737,42.83157895,69.67157895,0,0,41.7079971602679,"comfy"
"106",2018-08-20,"before",20.6248,0,79,433683,"Monday","on",0,0,0,0,0,25.2800000000001,26.12631579,20.97789474,31.57684211,0.159263158,0.487368421,4.892631579,2.135789474,50.28421053,71.62315789,0,0,44.3480296785886,"comfy"
"107",2018-08-21,"before",19.57612,2,84,411599,"Tuesday","on",0,0,0,0,0,22.3913043478262,26.62340426,21.88736842,32.02947368,0.431473684,1.442105263,4.929473684,2.073684211,48.30526316,72.73085106,0,0,45.888242617506,"comfy"
"108",2018-08-22,"before",19.63267,2,81,453605,"Wednesday","on",0,0,0,0,0,20.4166666666667,28.45578947,22.79368421,34.15263158,0.314631579,1.583157895,5.634736842,2.602105263,48.91578947,69.33789474,0,0,42.0162240719355,"comfy"
"109",2018-08-23,"before",18.18319,24,90,342710,"Thursday","on",0,0,0,0,0,13.2000000000001,26.73368421,24.31368421,29.62315789,2.448421053,36.16315789,7.282105263,4.126315789,64.05263158,80.12315789,0,0,55.1983512515548,"comfy"
"110",2018-08-24,"before",18.83221,5,100,517259,"Friday","on",0,0,0,0,0,14,25.40105263,22.89894737,28.69894737,2.084631579,20.20736842,7.295744681,3.514893617,68.44210526,85.50736842,0,0,60.5596479550018,"comfy"
"111",2018-08-25,"before",14.98174,1,91,948444,"Saturday","off",0,0,0,0,0,20.3846153846155,24.36489362,21.30842105,28.37368421,0.591578947,1.463157895,3.85106383,1.54787234,60.4,81.39787234,0,0,54.8351822558335,"comfy"
"112",2018-08-26,"before",15.18404,3,90,859862,"Sunday","off",0,0,0,0,0,15,22.44042553,20.38315789,25.78736842,2.510210526,51.49894737,4.294680851,1.736170213,74.07368421,90.15319149,0,0,62.2553561276659,"comfy"
"113",2018-08-27,"before",22.35021,3,78,299854,"Monday","on",0,0,0,0,0,13.764705882353,23.65263158,21.32631579,26.21789474,2.627157895,41.87052632,4.125263158,1.606315789,84.94736842,93.97263158,0,0,67.9877272658715,"comfy"
"114",2018-08-28,"before",22.50544,3,82,293630,"Tuesday","on",0,0,0,0,0,13.421052631579,25.06210526,22.67578947,28.97368421,1.457473684,27.83789474,4.089473684,1.576842105,71.37894737,89.45473684,0,0,64.8107927199158,"comfy"
"115",2018-08-29,"before",20.94665,7,82,555245,"Wednesday","on",0,0,0,0,0,16.2631578947369,25.90526316,22.52,30.22842105,0.827894737,18.32631579,4.937894737,2.088421053,62.75789474,84.08421053,0,0,59.3626147433408,"comfy"
"116",2018-08-30,"before",21.05103,14,97,359563,"Thursday","on",0,0,0,0,0,15.7619047619048,26.10421053,23.77157895,30.12842105,1.040105263,14.92210526,4.791578947,2.116842105,68.12631579,86.44526316,0,0,62.4379907802769,"comfy"
"117",2018-08-31,"before",19.38825,3,99,454447,"Friday","on",0,0,0,0,0,16,23.79042553,21.08105263,27.17894737,1.378421053,32.36210526,4.555789474,1.693684211,71.25263158,88.14787234,0,0,61.7848360749645,"comfy"
"118",2018-09-01,"before",14.87812,9,100,672493,"Saturday","off",0,0,0,0,0,17.7499999999999,23.05483871,19.68105263,27.50421053,0.723052632,12.55578947,4.64,2.051578947,58.26595745,79.53043478,0,0,51.7679055935391,"comfy"
"119",2018-09-02,"before",15.34079,2,88,734981,"Sunday","off",0,0,0,0,0,13.7727272727272,22.32210526,18.34105263,26.44315789,0.385894737,1.181052632,3.926315789,1.901052632,59.73404255,79.2212766,0,0,50.9162984545065,"comfy"
"120",2018-09-03,"before",26.23598,6,85,269458,"Monday","on",0,0,0,0,0,14.3749999999999,23.7212766,21.14210526,27.14421053,1.757157895,31.69578947,4.409574468,1.679787234,77.0106383,90.48172043,0,0,64.2621068162238,"comfy"
"121",2018-09-04,"before",28.30146,0,85,260927,"Tuesday","on",0,0,0,0,0,14.8695652173914,23.52659574,19.65473684,28.42526316,0.777368421,27.05263158,5.721276596,2.312765957,50.70526316,77.68723404,0,0,50.1103039298625,"comfy"
"122",2018-09-05,"before",25.99497,1,86,267141,"Wednesday","on",0,0,0,0,0,19.5416666666666,23.08829787,18.06,28.45789474,0.001578947,0,5.374468085,2.24893617,42.16842105,68.06489362,0,0,39.6003076383851,"comfy"
"123",2018-09-06,"before",24.25362,21,104,247235,"Thursday","on",0,0,0,0,0,24.0000000000001,22.47765957,18.15578947,26.76210526,0.371684211,0.874736842,4.104255319,1.555319149,57.87368421,78.17096774,0,0,49.9440635443023,"comfy"
"124",2018-09-07,"before",20.87264,5,110,320998,"Friday","on",0,0,0,0,0,22.7083333333334,21.13263158,17.60736842,25.11052632,1.019368421,5.668421053,5.311702128,2.035106383,53.49473684,77.60212766,0,0,48.5103499070069,"comfy"
"125",2018-09-08,"before",14.43823,1,102,616379,"Saturday","off",0,0,0,0,0,18.6153846153846,19.38210526,14.84526316,24.99052632,0.076947368,0.001052632,3.693617021,1.440425532,43.89473684,71.93052632,0,0,42.4753471710303,"comfy"
"126",2018-09-09,"before",15.07207,1,110,603392,"Sunday","off",0,0,0,0,0,17.8695652173912,20.23052632,14.39368421,26.71578947,0.131578947,0.411578947,4.467021277,1.836170213,40.41052632,70.22315789,0,0,41.1975737230141,"comfy"
"127",2018-09-10,"before",21.33303,2,100,183736,"Monday","on",0,0,0,0,0,14.7142857142857,20.38210526,15.49473684,25.88210526,0.051473684,0.312631579,4.615957447,2.043617021,43.55789474,68.06315789,0,0,39.2431388373234,"comfy"
"128",2018-09-11,"before",19.80726,7,117,166335,"Tuesday","on",0,0,0,0,0,14.5,19.45052632,14.51368421,24.61368421,0.125789474,0.016842105,4.703191489,2.213829787,47.51578947,68.09684211,0,0,39.1502386152232,"comfy"
"129",2018-09-12,"before",18.86941,11,118,258362,"Wednesday","on",0,0,0,0,0,15.8636363636363,20.88510638,15.58315789,26.56421053,0.140842105,1.882105263,3.934042553,1.741489362,54.52631579,74.58404255,0,0,45.492590950751,"comfy"
"130",2018-09-13,"before",17.81504,21,108,235255,"Thursday","on",0,0,0,0,0,18.0833333333333,20.74526316,18.31263158,23.98631579,1.624736842,10.45684211,3.706315789,1.582105263,71.67368421,86.38315789,0,0,56.5288422715188,"comfy"
"131",2018-09-14,"before",16.20197,2,101,287593,"Friday","on",0,0,0,0,0,14.5454545454546,21.52526316,18.85578947,24.51473684,2.113263158,11.03684211,3.821052632,1.771578947,77.23157895,89.16421053,0,0,60.1080333430564,"comfy"
"132",2018-09-15,"before",12.42855,0,108,565868,"Saturday","off",0,0,0,0,0,13.8695652173912,22.02947368,20.21263158,24.70842105,1.308526316,2.555789474,3.042105263,1.12,78.03157895,91.50210526,0,0,63.0868348121599,"comfy"
"133",2018-09-16,"before",13.06314,0,102,486116,"Sunday","off",0,0,0,0,0,23.2307692307692,22.66105263,20.22,26.67157895,0.846105263,0.396842105,3.453684211,1.264210526,63.29473684,85.28631579,0,0,57.4723609252355,"comfy"
"134",2018-09-17,"before",18.56198,1,93,160778,"Monday","on",0,0,0,0,0,25.7916666666667,21.80736842,17.83684211,27.17157895,0.261157895,0.230526316,3.687368421,1.355789474,49.41052632,77.72842105,0,0,49.0610823861817,"comfy"
"135",2018-09-18,"before",17.6412,2,103,150227,"Tuesday","on",0,0,0,0,0,27.68,21.02105263,16.25894737,27.32105263,0,0,3.563157895,1.328421053,39.25263158,74.18421053,0,0,45.1747802659653,"comfy"
"136",2018-09-19,"before",17.20207,5,94,440822,"Wednesday","on",0,0,0,0,0,28.7083333333332,20.53789474,16.50315789,25.11684211,1.215368421,2.172631579,2.826315789,1.046315789,52.46315789,79.48315789,0,0,49.8853930978932,"comfy"
"137",2018-09-20,"before",15.64328,18,107,410733,"Thursday","on",0,0,0,0,0,15.4285714285715,19.85894737,18.27368421,21.93263158,2.418105263,12.73578947,3.835789474,1.605263158,78.93684211,91.44421053,0,0,60.091839331748,"comfy"
"138",2018-09-21,"before",13.95545,3,90,588408,"Friday","on",0,0,0,0,0,10.8333333333333,19.37052632,17.94421053,21.31684211,2.565368421,25.82315789,4.211578947,1.633684211,83.2,93.60315789,0,0,61.3073879283706,"comfy"
"139",2018-09-22,"before",10.10422,1,89,1064394,"Saturday","off",0,0,0,0,0,27.2083333333335,20.25263158,15.25052632,26.30526316,0.035052632,0.289473684,4.331578947,1.574736842,39.03157895,75.50947368,0,0,46.041007154589,"comfy"
"140",2018-09-23,"before",8.17993,2,88,1068872,"Sunday","off",0,0,0,0,0,27.1600000000001,18.90526316,13.68210526,25.69894737,0.175052632,0.347368421,4.283157895,1.54,41.55789474,73.47052632,0,0,43.6173743202178,"comfy"
"141",2018-09-24,"before",7.57304,0,75,1405389,"Monday","off",0,0,0,0,0,17.1200000000001,16.61368421,12.07789474,22.03368421,0,0.001052632,4.152631579,1.554736842,39.26315789,69.01170213,0,0,39.4361013837406,"comfy"
"142",2018-09-25,"before",10.41089,0,87,1619947,"Tuesday","off",0,0,0,0,0,14.4347826086957,16.47578947,9.791578947,23.41473684,0.059684211,0.375789474,4.345263158,1.773684211,38.31578947,68.58297872,0,0,39.103398155987,"comfy"
"143",2018-09-26,"before",13.10186,2,98,1481570,"Wednesday","off",0,0,0,0,0,12.3181818181818,17.76315789,13.76421053,22.98736842,0.079052632,0.435789474,4.663157895,2.217894737,48.45263158,69.44468085,0,0,39.9839392619187,"comfy"
"144",2018-09-27,"before",17.91182,6,89,373199,"Thursday","on",0,0,0,0,0,11.6428571428571,17.12947368,11.50631579,23.81368421,0.019052632,0.050526316,4.363157895,1.886315789,41.82105263,69.02526316,0,0,39.5395859060818,"comfy"
"145",2018-09-28,"before",16.12758,8,97,398566,"Friday","on",0,0,0,0,0,14.8235294117647,17.00210526,11.75052632,22.33473684,0.152210526,0.031578947,3.795789474,1.597894737,54.31578947,75.62526316,0,0,44.4358356209594,"comfy"
"146",2018-09-29,"before",12.85971,0,85,780137,"Saturday","off",0,0,0,0,0,14.8461538461539,18.35894737,14.12210526,23.24631579,0.888842105,2.804210526,4.007368421,1.687368421,53.26315789,77.97789474,0,0,47.0704517351819,"comfy"
"147",2018-09-30,"before",13.00963,2,91,704635,"Sunday","off",0,0,0,0,0,18.3333333333333,18.44631579,14.15368421,24.64947368,0.382,0.814736842,6.695789474,2.897894737,35.27368421,64.52526316,0,0,36.0849949280156,"comfy"
"148",2018-10-01,"before",18.99883,0,82,217032,"Monday","on",0,0,0,0,0,16,15.96947368,12.17789474,20.12421053,0.456736842,1,6.807368421,3.136842105,40.34736842,62.63473684,0,0,34.9105228570806,"comfy"
"149",2018-10-02,"before",16.89692,12,99,256808,"Tuesday","on",0,0,0,0,0,20.4347826086956,15.43052632,10.24315789,22.00315789,0.009263158,0.006315789,3.992631579,1.561052632,41.63157895,71.74315789,0,0,41.0337381245365,"comfy"
"150",2018-10-03,"before",13.48861,7,87,1507053,"Wednesday","off",0,0,0,0,0,20.6923076923076,15.44736842,9.318947368,23.29157895,0,0,3.472631579,1.325263158,36.09473684,72.83473684,0,0,41.7641327613591,"comfy"
"151",2018-10-04,"before",17.31631,10,85,419327,"Thursday","on",0,0,0,0,0,19.4615384615384,17.91052632,10.84526316,24.38947368,0.576947368,1.069473684,4.957894737,2.086315789,47.05263158,72.42105263,0,0,42.3736684213124,"comfy"
"152",2018-10-05,"before",15.74956,6,81,571321,"Friday","on",0,0,0,0,0,10.7857142857143,17.59894737,15.75789474,19.43684211,4.959684211,63.38421053,5.887368421,2.694736842,78.31578947,93.20421053,0,0,58.4008689314582,"comfy"
"153",2018-10-06,"before",12.70106,4,73,1157463,"Saturday","off",0,0,0,0,0,22.5714285714285,18.85789474,16.2,21.97684211,2.942210526,78.97578947,10.09787234,4.338297872,69.85263158,87.44315789,0,0,55.3672684996224,"comfy"
"154",2018-10-07,"before",12.68474,2,70,937520,"Sunday","off",0,0,0,0,0,23.2692307692308,17.53052632,12.58947368,23.61263158,0.036842105,0.006315789,4.484210526,1.872631579,41.05263158,72.36210526,0,0,42.1916838727419,"comfy"
"155",2018-10-08,"before",16.34202,2,68,542028,"Monday","on",0,0,0,0,0,19.5769230769231,14.56210526,9.831578947,21.09578947,0,0,3.990526316,1.653684211,30.88421053,63.81052632,0,0,35.8513993713097,"comfy"
"156",2018-10-09,"before",13.74253,4,76,810625,"Tuesday","off",0,0,0,0,0,21.1071428571428,14.83157895,10.20105263,19.64421053,0.151684211,0.178947368,3.454736842,1.267368421,46.37894737,73.66315789,0,0,42.0532747349642,"comfy"
"157",2018-10-10,"before",20.24905,1,88,242678,"Wednesday","on",0,0,0,0,0,17.9615384615385,13.93789474,9.306315789,17.88315789,0.260947368,1.490526316,6.054736842,2.725263158,41.53684211,65.43263158,0,0,36.8574853216493,"comfy"
"158",2018-10-11,"before",18.07844,14,83,236196,"Thursday","on",0,0,0,0,0,15.2799999999999,10.74,6.114736842,16.06210526,0.056315789,0.028421053,5.917894737,2.285263158,32.87368421,58.88315789,0,0,34.1383757190718,"comfy"
"159",2018-10-12,"before",15.73248,9,90,335532,"Friday","on",0,0,0,0,0,18.9166666666666,10.42736842,4.723157895,17.49894737,0.036,0,3.742105263,1.458947368,36.14736842,68.03789474,0,0,37.9259304011321,"comfy"
"160",2018-10-13,"before",16.07407,3,80,636576,"Saturday","off",0,0,0,0,0,21.1538461538461,11.70105263,5.363157895,19.57473684,0.004736842,0.001052632,3.198947368,1.183157895,39.98947368,73.01263158,0,0,40.4215511156669,"comfy"
"161",2018-10-14,"before",12.88817,0,80,571449,"Sunday","off",0,0,0,0,0,22.5384615384615,13.08631579,6.952631579,20.13473684,0.020842105,0,3.309473684,1.208421053,39.48421053,73.16105263,0,0,41.0419392414607,"comfy"
"162",2018-10-15,"before",18.38018,1,85,214322,"Monday","on",0,0,0,0,0,40.3214285714287,14.07684211,8.656842105,21.00842105,0,0,3.769473684,1.389473684,41.94736842,73.77263158,0,0,41.7982065921324,"comfy"
"163",2018-10-16,"before",17.85413,9,98,189213,"Tuesday","on",0,0,0,0,0,37.8214285714285,12.92446809,9.027368421,18.39368421,0.249473684,0.601052632,3.206382979,1.177659574,47.95789474,78.9212766,0,0,44.0437652122254,"comfy"
"164",2018-10-17,"before",16.81873,1,93,201447,"Wednesday","on",0,0,0,0,0,26.4800000000001,12.46,7.755789474,19.11052632,0.306947368,1.016842105,4.110526316,1.536842105,37.75789474,73.94947368,0,0,41.1934208610188,"comfy"
"165",2018-10-18,"before",18.82348,17,87,231734,"Thursday","on",0,0,0,0,0,17.8636363636364,11.66631579,6.453684211,17.57473684,0.601157895,4.874736842,4.895789474,2.041052632,43.02105263,72.63157895,0,0,40.2302210540541,"comfy"
"166",2018-10-19,"before",16.07634,6,87,301990,"Friday","on",0,0,0,0,0,17.2380952380953,12.10531915,6.642105263,19.11157895,0.027684211,0.02,4.277894737,1.833684211,37.57894737,70.06382979,0,0,39.1357315713196,"comfy"
"167",2018-10-20,"before",12.14237,0,88,519363,"Saturday","off",0,0,0,0,0,24.2592592592592,11.56105263,5.356842105,20.36526316,0,0,3.185263158,1.167368421,28.69473684,70.43473684,0,0,39.1783866775737,"comfy"
"168",2018-10-21,"before",12.50977,0,84,452797,"Sunday","off",0,0,0,0,0,26.8846153846154,11.72105263,5.133684211,20.79157895,0,0,3.011578947,1.055789474,27.89473684,69.71157895,0,0,38.8797526851025,"comfy"
"169",2018-10-22,"before",16.93335,6,102,157206,"Monday","on",0,0,0,0,0,29.3333333333334,12.84526316,6.815789474,20.02736842,0.144315789,0.036842105,2.743157895,0.911578947,41.48421053,73.59263158,0,0,41.1740259435459,"comfy"
"170",2018-10-23,"before",17.45485,6,103,155243,"Tuesday","on",0,0,0,0,0,30.1666666666666,13.19894737,8.710526316,19.37684211,0.370210526,1.194736842,4.423157895,1.371578947,52.74736842,79.25789474,0,0,44.4195371344361,"comfy"
"171",2018-10-24,"before",16.98649,1,98,191470,"Wednesday","on",0,0,0,0,0,34.9999999999999,12.19368421,7.158947368,19.46526316,0,0,3.755789474,1.421052632,36.43157895,71.80105263,0,0,40.0149677043111,"comfy"
"172",2018-10-25,"before",15.38671,21,108,293101,"Thursday","on",0,0,0,0,0,32.2857142857142,12.29052632,5.748421053,20.89052632,0,0,3.231578947,1.204210526,32.48421053,71.65263158,0,0,39.972508001868,"comfy"
"173",2018-10-26,"before",14.7635,2,112,390727,"Friday","on",0,0,0,0,0,27.8928571428571,12.49894737,9.172631579,15.43473684,1.740526316,6.831578947,5.715789474,1.827368421,60.16842105,83.34210526,0,0,46.0014128945939,"comfy"
"174",2018-10-27,"before",11.6167,1,116,644853,"Saturday","off",0,0,0,0,0,23.2857142857143,10.51578947,6.977894737,14.33052632,0.150947368,0.374736842,6.983157895,3.451578947,39.78947368,57.98421053,0,0,33.8511034240065,"comfy"
"175",2018-10-28,"before",12.78608,0,107,589091,"Sunday","off",0,0,0,0,0,20.1818181818182,10.67684211,4.621052632,16.35578947,0.732842105,4.916842105,6.905263158,2.577894737,45.78947368,70.72105263,0,0,39.0715052900984,"comfy"
"176",2018-10-29,"before",17.00585,1,95,252377,"Monday","on",0,0,0,0,0,16.9230769230768,10.01894737,5.271578947,15.79684211,0.174315789,0.411578947,5.713684211,2.157894737,45,69.73789474,0,0,38.519676833126,"comfy"
"177",2018-10-30,"before",17.85641,18,126,208321,"Tuesday","on",0,0,0,0,0,17.4814814814815,7.729473684,2.937894737,13.31263158,0.077052632,0.002105263,4.824210526,1.968421053,37.15789474,62.42105263,0,0,36.1100205259383,"comfy"
"178",2018-10-31,"before",18.10804,13,117,640494,"Wednesday","on",0,0,0,0,0,18.037037037037,7.897894737,2.94,14.37368421,0.169789474,0.152631579,4.470526316,1.721052632,39.22105263,67.00842105,0,0,37.3195363887761,"comfy"
"179",2018-11-01,"before",19.36016,5,114,359487,"Thursday","on",0,0,0,0,0,22.0384615384616,7.771578947,1.738947368,15.89789474,0.004421053,0,3.949473684,1.476842105,31.33684211,67.53684211,0,0,37.4489214748921,"comfy"
"180",2018-11-02,"before",16.2589,10,115,492856,"Friday","on",0,0,0,0,0,28.4999999999999,9.007368421,2.293684211,18.28,0,0,3.124210526,1.142105263,27.38947368,67.56105263,0,0,37.5851286363193,"comfy"
"181",2018-11-03,"before",13.11324,2,110,912147,"Saturday","off",0,0,0,0,0,29.8214285714285,9.732631579,2.887368421,19.24105263,0,0,3.04,1.056842105,26.92631579,67.67894737,0,0,37.7044224742672,"comfy"
"182",2018-11-04,"before",13.23622,3,107,838125,"Sunday","off",0,0,0,0,0,28.8214285714284,10.22947368,3.335789474,19.66947368,0,0,3.315789474,1.163157895,27.26315789,67.47578947,0,0,37.6801494507656,"comfy"
"183",2018-11-05,"before",18.51795,2,101,328300,"Monday","on",0,0,0,0,0,36,10.74526316,3.981052632,19.09894737,0.025473684,0.023157895,3.210526316,1.188421053,37.27368421,73.35368421,0,0,40.1915893059013,"comfy"
"184",2018-11-06,"before",18.05149,5,110,326815,"Tuesday","on",0,0,0,0,0,47.7857142857143,11.82234043,5.917894737,19.05684211,0.018,0.112631579,3.14,1.134736842,46.2,78.48191489,0,0,43.065205779086,"comfy"
"185",2018-11-07,"before",19.71427,8,117,369397,"Wednesday","on",0,0,0,0,0,40.7599999999998,12.89157895,10.04631579,15.66105263,1.956842105,4.06,2.849473684,1.073684211,73.88421053,88.11382979,0,0,48.8982184874928,"comfy"
"186",2018-11-08,"before",17.35465,19,102,378685,"Thursday","on",0,0,0,0,0,16.7916666666667,14.03510638,12.04,17.12315789,4.545894737,33.04210526,7.009473684,2.343157895,76.88421053,92.74408602,0,0,52.9797765231333,"comfy"
"187",2018-11-09,"before",16.09077,17,112,494383,"Friday","on",0,0,0,0,0,29.9629629629629,12.24210526,7.871578947,16.08842105,0.444105263,0.497894737,6.435106383,3.04,49.50526316,71.12,0,0,39.6925374727652,"comfy"
"188",2018-11-10,"before",12.60427,0,100,928805,"Saturday","off",0,0,0,0,0,45.4642857142856,10.79368421,5.473684211,18.01368421,0.019263158,0.005263158,3.970526316,1.368421053,41.61052632,75.42631579,0,0,41.0838477367921,"comfy"
"189",2018-11-11,"before",13.77517,1,106,879744,"Sunday","off",0,0,0,0,0,38.4642857142855,9.552631579,4.884210526,14.62947368,0.966947368,1.626315789,3.3,1.044210526,54.01052632,81.29052632,0,0,42.5318255278586,"comfy"
"190",2018-11-12,"before",18.05832,3,102,303055,"Monday","on",0,0,0,0,0,24.5185185185185,9.387368421,5.115789474,14.82842105,0.538315789,1.117894737,4.204210526,1.755789474,43.25263158,73.45368421,0,0,39.6726838840059,"comfy"
"191",2018-11-13,"before",17.68675,7,114,312357,"Tuesday","on",0,0,0,0,0,24.0384615384615,8.952631579,4.261052632,15.26842105,0.055368421,0.266315789,3.816842105,1.513684211,47.02105263,74.39789474,0,0,39.7998131063131,"comfy"
"192",2018-11-14,"before",17.31176,11,115,547533,"Wednesday","on",0,0,0,0,0,24.0000000000001,8.589473684,3.56,15.75789474,0.129789474,0.22,3.250526316,1.244210526,43.97894737,76.28947368,0,0,40.2103736828048,"comfy"
"193",2018-11-15,"before",17.06999,17,120,591468,"Thursday","on",0,0,0,0,0,29.3749999999999,8.877894737,3.194736842,16.54315789,0.005473684,0,2.911578947,1.085263158,42.07368421,76.21489362,0,0,40.3482834422532,"comfy"
"194",2018-11-16,"before",15.88012,8,121,615140,"Friday","on",0,0,0,0,0,33.4444444444446,9.025263158,5.326315789,13.55263158,0.731368421,1.344210526,3.629473684,1.344210526,56.62105263,79.87978723,0,0,41.6345753744504,"comfy"
"195",2018-11-17,"before",12.93676,1,140,1102048,"Saturday","off",0,0,0,0,0,25.576923076923,7.501052632,3.010526316,13.62526316,0.095578947,0.091578947,4.167368421,1.690526316,31.68421053,65.89052632,0,0,37.0110234536872,"comfy"
"196",2018-11-18,"before",13.97139,2,118,993605,"Sunday","off",0,0,0,0,0,26.1851851851851,6.629473684,2.426315789,11.06947368,0.146736842,0.073684211,3.677894737,1.363157895,30.30526316,59.42210526,0,0,35.6799146204778,"comfy"
"197",2018-11-19,"before",19.06032,5,117,347959,"Monday","on",0,0,0,0,0,38.7142857142858,7.169473684,2.131578947,13.54105263,0.059894737,0,4.017894737,1.378947368,33.33684211,62.53052632,0,0,36.2269351799558,"comfy"
"198",2018-11-20,"before",19.30588,15,139,333815,"Tuesday","on",0,0,0,0,0,39.3214285714287,6.285106383,0.568421053,13.59473684,0.078315789,0.12,3.791578947,1.412631579,20.28421053,54.68297872,0,0,34.9115603728289,"comfy"
"199",2018-11-21,"before",18.2758,4,124,351475,"Wednesday","on",0,0,0,0,0,33.9999999999999,6.412631579,1.612631579,11.24736842,0.563263158,0.633684211,4.668421053,1.477894737,35.36842105,64.85368421,0,0,36.7925354314759,"comfy"
"200",2018-11-22,"before",17.7137,17,121,417131,"Thursday","on",0,0,0,0,0,19.8518518518518,4.227368421,-0.053684211,8.807368421,0.010210526,0,6.217894737,2.556842105,23.36842105,50.75789474,0,0,35.7742880002866,"comfy"
"201",2018-11-23,"before",17.68447,2,114,522143,"Friday","on",0,0,0,0,0,21.7037037037036,2.52,-2.36,8.727368421,0.096526316,0.029473684,4.133684211,1.505263158,24.41052632,52.03894737,0.005263158,0.005263158,37.0793987262979,"comfy"
"202",2018-11-24,"before",12.947,4,122,1008633,"Saturday","off",0,0,0,0,0,28.04,4.141052632,-0.365263158,7.801052632,0.926736842,4.401052632,4.301052632,1.502105263,47.09473684,78.70631579,0.274736842,0.274736842,37.8915771266438,"comfy"
"203",2018-11-25,"before",15.01172,4,128,931212,"Sunday","off",0,0,0,0,0,33.3571428571429,5.769473684,1.847368421,11.34631579,0,0,3.432631579,1.228421053,56.81052632,82.56702128,0,0.093684211,39.6227099883142,"comfy"
"204",2018-11-26,"before",19.16507,1,102,342445,"Monday","on",0,0,0,0,0,37.8214285714285,6.129473684,0.907368421,13.97894737,0.046631579,0.061052632,3.075789474,1.112631579,45.65263158,78.69473684,0,0.003157895,39.256375157377,"comfy"
"205",2018-11-27,"before",18.36727,4,124,326316,"Tuesday","on",0,0,0,0,0,69,7.857894737,1.84,14.89684211,0.003473684,0,3.947368421,1.416842105,43.95789474,75.91578947,0,0,39.6998778938366,"comfy"
"206",2018-11-28,"before",17.66967,9,127,736903,"Wednesday","on",0,0,0,0,0,102.5,6.094736842,1.321052632,12.32526316,0,0,3.955789474,1.590526316,20.39361702,55.45,0,0,35.154228815845,"comfy"
"207",2018-11-29,"before",18.70127,17,138,456694,"Thursday","on",0,0,0,0,0,87.3214285714287,5.334736842,-0.548421053,11.80105263,0.042526316,0,3.221052632,1.146315789,26.36170213,55.47340426,0,0,35.5584862100973,"comfy"
"208",2018-11-30,"before",16.91893,6,135,601272,"Friday","on",0,0,0,0,0,68.9642857142857,5.418947368,0.155789474,12.29052632,0.004421053,0,3.706315789,1.302105263,30.14736842,60.01578947,0,0,36.1507179996055,"comfy"
"209",2018-12-01,"before",13.55655,1,122,1019679,"Saturday","off",0,0,0,0,0,48.9642857142857,5.650526316,1.36,11.97473684,0.006315789,0,3.469473684,1.278947368,35.90526316,62.63473684,0,0,36.4824597049106,"comfy"
"210",2018-12-02,"before",14.36878,0,111,931663,"Sunday","off",0,0,0,0,0,47.0357142857144,8.770526316,1.431578947,15.49052632,0.269578947,0.52,3.538947368,1.48,50.28421053,72.81789474,0,0,39.2175168642334,"comfy"
"211",2018-12-03,"before",20.02626,10,118,364866,"Monday","on",0,0,0,0,0,33.7142857142858,12.25368421,9.254736842,15.21157895,2.151052632,8.235789474,3.471578947,1.171578947,75.47368421,93.05263158,0,0,50.602017894504,"comfy"
"212",2018-12-04,"before",19.77804,5,112,361757,"Tuesday","on",0,0,0,0,0,32.4800000000001,10.33684211,5.488421053,14.17578947,1.564842105,12.27894737,6.044210526,2.623157895,48.47368421,79.10526316,0,0,42.3090157936646,"comfy"
"213",2018-12-05,"before",18.1236,4,115,431159,"Wednesday","on",0,0,0,0,0,25.8461538461539,4.190526316,0.093684211,8.151578947,0.217263158,0.32,4.863157895,2.157894737,35.17894737,55.97684211,0,0,36.1991684107808,"comfy"
"214",2018-12-06,"before",18.81855,15,124,448116,"Thursday","on",0,0,0,0,0,26.5416666666667,4.153684211,1.825263158,7.182105263,1.277684211,3.482105263,6.046315789,2.330526316,50.10526316,73.70210526,0.037894737,0.037894737,37.5297984315469,"comfy"
"215",2018-12-07,"before",15.94161,19,133,522000,"Friday","on",0,0,0,0,0,19.6538461538461,-2.668421053,-5.845263158,3.350526316,0.901157895,0.128421053,7.151578947,4,30.75789474,46.06947368,0.075789474,0.075789474,42.4281710015642,"comfy"
"216",2018-12-08,"before",12.66766,0,110,1018000,"Saturday","off",0,0,0,0,0,18.037037037037,-4.648421053,-7.924210526,-0.64,0.770736842,0.177894737,5.696842105,2.646315789,31.84210526,49.00315789,0.206315789,0.273684211,43.3115035389885,"comfy"
"217",2018-12-09,"before",13.2829,2,108,930259,"Sunday","off",0,0,0,0,0,18.3928571428571,-4.070526316,-8.311578947,0.912631579,0.334947368,0.077894737,4.534736842,2.043157895,21.64210526,44.25684211,0.088421053,0.291578947,44.5000577459178,"comfy"
"218",2018-12-10,"before",17.5076,2,110,313951,"Monday","on",0,0,0,0,0,23.92,-1.647368421,-7.493684211,5.598947368,0.027157895,0.007368421,3.710526316,1.544210526,20.6,48.40315789,0,0.163157895,40.8542834484064,"comfy"
"219",2018-12-11,"before",17.88905,2,117,328045,"Tuesday","on",0,0,0,0,0,26.84,0.632631579,-2.828421053,2.896842105,1.877368421,2.347368421,3.687368421,1.42,50.46315789,79.29473684,0.198947368,0.209473684,35.4151770002693,"comfy"
"220",2018-12-12,"before",17.74596,8,109,362649,"Wednesday","on",0,0,0,0,0,29.6153846153847,-0.285263158,-3.927368421,3.956842105,0.254210526,0.327368421,5.207368421,2.425263158,33.86315789,61.36,0.015789474,0.196842105,37.5879755158125,"comfy"
"221",2018-12-13,"before",16.7432,15,118,360158,"Thursday","on",0,0,0,0,0,29.5185185185186,-0.017894737,-4.894736842,5.178947368,0.613368421,0.356842105,5.935789474,2.449473684,42.83157895,62.15473684,0.2,0.232631579,37.4150474266468,"comfy"
"222",2018-12-14,"before",17.26052,11,125,470086,"Friday","on",0,0,0,0,0,24.0384615384615,-2.112631579,-6.217894737,3.168421053,0.254,0.253684211,4.531578947,2.148421053,34.67368421,57.75684211,0.170526316,0.258947368,38.9010457198738,"comfy"
"223",2018-12-15,"before",13.72241,0,105,860192,"Saturday","off",0,0,0,0,0,31.2307692307694,-1.637894737,-7.982105263,5.837894737,0.046526316,0.004210526,3.111702128,1.204255319,23.34736842,56.01789474,0,0.237894737,39.1052190940936,"comfy"
"224",2018-12-16,"before",13.97291,1,99,786307,"Sunday","off",0,0,0,0,0,31.3076923076924,0.974736842,-2.871578947,4.623157895,2.369789474,0.876842105,3.284042553,1.229787234,49.92631579,74.27578947,0.045263158,0.248421053,36.1229543792386,"comfy"
"225",2018-12-17,"before",19.51501,5,107,281305,"Monday","on",0,0,0,0,0,49.2857142857145,3.204210526,-0.845263158,7.630526316,0.196526316,0.077894737,5.732631579,2.407368421,30.03157895,62.27684211,0,0.126315789,36.8463794317486,"comfy"
"226",2018-12-18,"before",19.06943,6,116,339290,"Tuesday","on",0,0,0,0,0,33.7777777777777,2.638947368,-2.421052632,8.525263158,0.011368421,0,5.095789474,1.813684211,38.56842105,63.36842105,0,0.045263158,36.9374757895351,"comfy"
"227",2018-12-19,"before",18.95405,8,112,629047,"Wednesday","on",0,0,0,0,0,53.2222222222224,5.429473684,-0.433684211,11.89052632,0.030421053,0.034736842,4.562105263,1.711578947,36.84210526,65.88947368,0,0,36.9740426836144,"comfy"
"228",2018-12-20,"before",19.52374,17,119,530697,"Thursday","on",0,0,0,0,0,52.7857142857141,4.510526316,0.292631579,10.67052632,0.372105263,0.523157895,2.788421053,1.024210526,42.08421053,70.03789474,0,0,37.3422092634999,"comfy"
"229",2018-12-21,"before",18.34792,4,104,608924,"Friday","on",0,0,0,0,0,54.4814814814816,5.350526316,-0.992631579,12.47052632,0.051578947,0,3.031578947,1.072631579,46.86315789,72.03157895,0,0,37.8114399477991,"comfy"
"230",2018-12-22,"before",14.06704,2,111,1167776,"Saturday","off",0,0,0,0,0,52.5357142857141,6.825263158,1.321052632,13.44631579,0.361368421,0.166315789,3.543157895,1.24,42.96842105,72.12,0,0,38.3297480842467,"comfy"
"231",2018-12-23,"before",14.59271,0,96,1175622,"Sunday","off",0,0,0,0,0,38.2499999999998,5.542105263,0.542105263,10.22526316,0.970526316,1.285263158,6.490526316,2.886315789,25.98947368,54.78315789,0,0,35.3481308414998,"comfy"
"232",2018-12-24,"before",16.98156,0,96,963848,"Monday","on",0,0,0,0,0,19.8214285714286,-0.075789474,-4.145263158,5.315789474,0.018105263,0,4.808421053,2.125263158,27.47368421,50.29157895,0,0,39.1687285051282,"comfy"
"233",2018-12-25,"before",14.42912,3,93,1900417,"Tuesday","off",0,0,0,0,0,26.1071428571427,0.704210526,-5.12,5.689473684,0.147052632,0.027368421,3.421052632,1.356842105,35.47368421,58.61789474,0,0,37.6625654366211,"comfy"
"234",2018-12-26,"before",20.2464,6,95,709977,"Wednesday","on",0,0,0,0,0,34.6071428571428,2.678947368,-0.694736842,6.997894737,0.313894737,0.055789474,5.522105263,2.418947368,20.95789474,46.79052632,0,0,36.9830639214526,"comfy"
"235",2018-12-27,"before",19.80461,6,92,483430,"Thursday","on",0,0,0,0,0,19.3214285714286,-4.446315789,-7.741052632,-0.162105263,0.661473684,0.090526316,7.041052632,4.090526316,18.85263158,34.05263158,0.095789474,0.095789474,48.7479978935622,"comfy"
"236",2018-12-28,"before",18.27428,5,98,576996,"Friday","on",0,0,0,0,0,24.5555555555555,-6.613684211,-10.28842105,-2.308421053,1.174421053,0.448421053,6.012631579,3.105263158,31.58947368,48.17894737,0.208421053,0.34,45.4133209996585,"comfy"
"237",2018-12-29,"before",14.93961,0,87,1087609,"Saturday","off",0,0,0,0,0,26.3214285714285,-4.886315789,-9.267368421,-0.556842105,0.743578947,0.176842105,6.322105263,3.083157895,27.16842105,45.71578947,0.138947368,0.376842105,44.8265754746608,"comfy"
"238",2018-12-30,"before",15.37646,0,87,1101155,"Sunday","off",0,0,0,0,0,22.7777777777778,-4.431578947,-8.958947368,1.033684211,0.368631579,0.034736842,4.590526316,2.050526316,28.26315789,50.45789474,0.017894737,0.357894737,42.5791534195793,"comfy"
"239",2018-12-31,"before",18.1088,3,94,881565,"Monday","on",0,0,0,0,0,28.8846153846153,-2.992631579,-9.387368421,3.955789474,0.016315789,0,4.245263158,1.684210526,23,49.53789474,0,0.329473684,41.7198512990987,"comfy"
"240",2019-01-01,"before",17.14514,1,73,1163267,"Tuesday","off",0,0,0,0,0,26.4814814814815,-1.856842105,-5.662105263,2.416842105,0.283894737,0.072631579,5.861052632,2.678947368,40.30526316,58.01263158,0.001052632,0.137894737,38.7354923785911,"comfy"
"241",2019-01-02,"before",23.42508,0,76,353349,"Wednesday","on",0,0,0,0,0,24.2307692307693,-2.252631579,-6.672631579,3.321052632,0.048315789,0,4.943157895,2.211578947,32.78947368,54.32842105,0,0.123157895,39.8518437901906,"comfy"
"242",2019-01-03,"before",21.97028,10,78,394614,"Thursday","on",0,0,0,0,0,25.0740740740742,-1.930526316,-7.346315789,5.051578947,0,0,4.044210526,1.684210526,23.16842105,50.34421053,0,0.105263158,40.6346100097951,"comfy"
"243",2019-01-04,"before",19.63002,15,87,388232,"Friday","on",0,0,0,0,0,38.5925925925925,-0.393617021,-7.033684211,5.326315789,0.290421053,0.056842105,4.081052632,1.462105263,28,54.27021277,0,0.035789474,38.7713501180078,"comfy"
"244",2019-01-05,"before",15.44251,1,71,820944,"Saturday","off",0,0,0,0,0,47.5000000000002,0.430851064,-4.342105263,5.533684211,0.221894737,0.076842105,4.873684211,2.222105263,23.93684211,51.62553191,0,0,38.6040763698637,"comfy"
"245",2019-01-06,"before",16.05167,0,63,725846,"Sunday","off",0,0,0,0,0,30.8214285714284,-1.041052632,-5.725263158,5.731578947,0.044736842,0.008421053,4.213684211,1.750526316,24.15789474,48.58526316,0.008421053,0.008421053,40.2751172420629,"comfy"
"246",2019-01-07,"before",21.53533,10,86,254717,"Monday","on",0,0,0,0,0,38.7142857142858,-0.407368421,-6.076842105,5.571578947,0.005789474,0,4.730526316,1.890526316,32.30526316,54.42947368,0,0,38.7532907585559,"comfy"
"247",2019-01-08,"before",21.86781,2,79,262582,"Tuesday","on",0,0,0,0,0,36.5000000000001,-0.473684211,-4.550526316,4.471578947,0.068947368,0.006315789,6.617894737,2.977894737,27.16842105,48.37894737,0.007368421,0.007368421,39.8068000001601,"comfy"
"248",2019-01-09,"before",19.73477,3,72,382036,"Wednesday","on",0,0,0,0,0,33.2692307692309,-2.694736842,-7.644210526,2.874736842,0.068631579,0.023157895,4.652631579,1.72,24.37894737,42.83473684,0.028421053,0.035789474,43.3729753688936,"comfy"
"249",2019-01-10,"before",19.42658,10,87,418118,"Thursday","on",0,0,0,0,0,32.357142857143,0.884210526,-3.176842105,5.470526316,0.059157895,0.005263158,5.026315789,2.087368421,26.83157895,52.30526316,0,0,38.208429473699,"comfy"
"250",2019-01-11,"before",18.18927,10,85,441416,"Friday","on",0,0,0,0,0,54.0714285714286,2.16,-3.26,8.083157895,0.186105263,0.109473684,3.705263158,1.367368421,39.34736842,64.16631579,0,0,36.9680272420894,"comfy"
"251",2019-01-12,"before",14.15244,0,73,981545,"Saturday","off",0,0,0,0,0,55.2592592592594,3.101052632,-0.072631579,7.473684211,1.644315789,2.431578947,3.623157895,1.350526316,53.07368421,78.36105263,0.018947368,0.018947368,37.1701055686728,"comfy"
"252",2019-01-13,"before",15.69946,0,72,926756,"Sunday","off",0,0,0,0,0,70.3571428571428,1.578723404,-2.828421053,8.190526316,0.073684211,0.061052632,3.570526316,1.443157895,42.72631579,72.88829787,0,0,36.4822773710261,"comfy"
"253",2019-01-14,"before",20.78914,1,85,321433,"Monday","on",0,0,0,0,0,99.0714285714282,1.107368421,-3.974736842,7.537894737,0.032947368,0.025263158,3.24,1.195789474,42.42105263,70.86105263,0,0,36.4741531369619,"comfy"
"254",2019-01-15,"before",19.80688,3,89,329953,"Tuesday","on",0,0,0,0,0,88.2500000000004,1.096842105,-3.585263158,6.177894737,0.329263158,0.061052632,6.682105263,2.978947368,38.27368421,61.54736842,0.021052632,0.021052632,37.2693217896189,"comfy"
"255",2019-01-16,"before",19.63874,6,90,353405,"Wednesday","on",0,0,0,0,0,34.7857142857142,-2.975789474,-7.651578947,1.848421053,0.295052632,0.018947368,5.751578947,2.669473684,25.37894737,48.88631579,0.018947368,0.041052632,41.9002469790652,"comfy"
"256",2019-01-17,"before",19.46909,13,87,360160,"Thursday","on",0,0,0,0,0,32.7142857142858,0.531578947,-3.861052632,5.426595745,0.181789474,0.006315789,5.670526316,2.523404255,33.92631579,55.83684211,0.001052632,0.007368421,38.0455419733254,"comfy"
"257",2019-01-18,"before",18.55401,3,78,378508,"Friday","on",0,0,0,0,0,43.962962962963,0.875789474,-5.049473684,8.131578947,0.044736842,0,4.030526316,1.515789474,30.46421053,57.01578947,0,0,37.756205684428,"comfy"
"258",2019-01-19,"before",14.21013,0,76,813291,"Saturday","off",0,0,0,0,0,57.0357142857144,2.942105263,-2.553684211,9.313684211,0.589684211,0.372631579,3.313684211,1.075789474,33.54736842,64.01914894,0,0,36.9098948460783,"comfy"
"259",2019-01-20,"before",14.97718,0,80,750393,"Sunday","off",0,0,0,0,0,40.0357142857145,1.725263158,-2.6,5.611578947,0.323368421,0.14,6.870526316,3.506315789,27.17894737,50.94315789,0,0,37.6983730738542,"comfy"
"260",2019-01-21,"before",19.43683,0,75,267134,"Monday","on",0,0,0,0,0,29.6785714285713,0.564210526,-5.134736842,6.104210526,0.110736842,0.004210526,5.929473684,2.8,36.17894737,54.31578947,0,0,38.2016505269194,"comfy"
"261",2019-01-22,"before",19.25161,1,84,255677,"Tuesday","on",0,0,0,0,0,51.7142857142858,2.534736842,-3.364210526,8.983157895,0.006105263,0,5.06,2.063157895,31.87234043,59.37446809,0,0,36.991531932793,"comfy"
"262",2019-01-23,"before",18.38777,7,84,510321,"Wednesday","on",0,0,0,0,0,58.2592592592594,3.125263158,-2.2,9.550526316,0,0,5.856842105,2.410526316,26.82978723,55.07553191,0,0,36.7137316042664,"comfy"
"263",2019-01-24,"before",17.53759,11,84,466432,"Thursday","on",0,0,0,0,0,29.3214285714284,0.781052632,-5.042105263,8.157894737,0,0,4.151578947,1.677894737,16.44680851,45.3606383,0,0,38.9894911085209,"comfy"
"264",2019-01-25,"before",16.21867,13,87,511325,"Friday","on",0,0,0,0,0,33.1851851851851,-0.312631579,-5.065263158,5.528421053,0.145894737,0.235789474,6.810526316,2.778947368,26.75789474,47.39157895,0.155789474,0.155789474,39.8196259259464,"comfy"
"265",2019-01-26,"before",13.45825,1,68,1322154,"Saturday","off",0,0,0,0,0,33.5,-1.693684211,-6.012631579,3.632631579,0.115789474,0.004210526,6.018947368,3.038947368,23,42.20315789,0.003157895,0.147368421,42.3310483858849,"comfy"
"266",2019-01-27,"before",14.37257,1,69,1319164,"Sunday","off",0,0,0,0,0,27.4285714285715,-0.166315789,-7.608421053,7.177894737,0,0,4.711578947,1.911578947,25.84210526,52.48947368,0,0.121052632,38.9075033161049,"comfy"
"267",2019-01-28,"before",19.23871,1,72,510208,"Monday","on",0,0,0,0,0,58.3571428571426,2.602105263,-2.575789474,7.294736842,0.241263158,0.163157895,7.004210526,3.208421053,22.14736842,49.58105263,0,0.053684211,37.0387388633008,"comfy"
"268",2019-01-29,"before",18.97113,7,89,481879,"Tuesday","on",0,0,0,0,0,56.7857142857141,0.151578947,-6.429473684,8.096842105,0.023684211,0,3.684210526,1.406315789,23.61052632,50.31263158,0,0,38.9846118317301,"comfy"
"269",2019-01-30,"before",18.34222,10,76,1012581,"Wednesday","on",0,0,0,0,0,47.2857142857143,3.531578947,-2.86,10.10736842,0.109789474,0.006315789,4.232631579,1.608421053,23.46315789,49.41157895,0,0,36.2561579214726,"comfy"
"270",2019-01-31,"before",17.54404,7,81,645003,"Thursday","on",0,0,0,0,0,45.9615384615385,0.262105263,-3.770526316,4.755789474,1.863894737,5.611578947,5.701052632,2.665263158,36.26315789,65.73368421,0.364210526,0.364210526,36.9025954369086,"comfy"
"271",2019-02-01,"before",16.66767,1,67,741294,"Friday","on",0,0,0,0,0,31.1481481481482,-1.206315789,-6.488421053,4.12,0.159157895,0.014736842,5.986315789,2.656842105,36.91578947,57.09157895,0.012631579,0.330526316,38.6690535676695,"comfy"
"272",2019-02-02,"before",12.31241,2,72,1561497,"Saturday","off",0,0,0,0,0,46.3928571428573,2.278723404,-4.654736842,8.483157895,0.157157895,0.044210526,4.353684211,1.746315789,41.8,64.43191489,0,0.127368421,36.9530847862038,"comfy"
"273",2019-02-03,"before",11.28953,2,70,1604028,"Sunday","off",0,0,0,0,0,33.7307692307692,5.946315789,2.8,10.11157895,3.384947368,13.87578947,6.466315789,2.431914894,64.91578947,89.30210526,0,0.047368421,40.9093849620405,"comfy"
"274",2019-02-04,"before",9.79565,0,65,1381977,"Monday","off",0,0,0,0,0,67.6428571428572,2.615789474,-1.251578947,6.893684211,0.039473684,0.001052632,6.232631579,2.74,19.48421053,43.01789474,0,0.002105263,37.0688328680293,"comfy"
"275",2019-02-05,"before",9.49315,2,67,1697410,"Tuesday","off",0,0,0,0,0,84.5357142857142,3.093684211,-3.883157895,10.99473684,0,0,3.706315789,1.358947368,20.75789474,50.76315789,0,0,36.6506106574404,"comfy"
"276",2019-02-06,"before",14.50769,1,73,1801166,"Wednesday","off",0,0,0,0,0,70.4285714285717,5.731578947,-0.975789474,12.97789474,0,0.002105263,4.217894737,1.395789474,32.25263158,61.65789474,0,0,36.3172611847796,"comfy"
"277",2019-02-07,"before",21.34024,7,73,723238,"Thursday","on",0,0,0,0,0,43.1111111111109,2.284210526,-3.524210526,7.547368421,0.513368421,0.521052632,6.818947368,3.330526316,26.28421053,55.45684211,0.017894737,0.017894737,37.1650246316335,"comfy"
"278",2019-02-08,"before",19.90253,10,82,658332,"Friday","on",0,0,0,0,0,22.7857142857144,-1.788421053,-5.574736842,3.288421053,0.152631579,0.024210526,4.877894737,2.309473684,22.48421053,41.84,0.027368421,0.029473684,42.5324833057196,"comfy"
"279",2019-02-09,"before",15.73627,1,72,1289290,"Saturday","off",0,0,0,0,0,26.607142857143,-1.521052632,-4.14,1.867368421,0.270947368,0.137894737,6.402105263,3.165263158,26.04210526,40.59684211,0.138947368,0.168421053,42.4778228152846,"comfy"
"280",2019-02-10,"before",15.82471,0,63,1126553,"Sunday","off",0,0,0,0,0,28.7857142857142,-1.302105263,-6.165263158,3.211578947,0.297368421,0.078947368,4.374736842,2.006315789,26.6,44.85789474,0.044210526,0.212631579,41.2931247096892,"comfy"
"281",2019-02-11,"before",22.08377,7,65,354778,"Monday","on",0,0,0,0,0,27.6428571428571,-0.714736842,-4.490526316,3.882105263,0.212421053,0.057894737,5.848421053,2.827368421,27.58947368,43.77894737,0.014736842,0.223157895,40.8526594206481,"comfy"
"282",2019-02-12,"before",22.82767,15,84,348564,"Tuesday","on",0,0,0,0,0,45.9285714285714,0.201052632,-5.733684211,6.011578947,0.155368421,0.002105263,4.364210526,1.683157895,28.58947368,50.78421053,0,0.212631579,38.8827407623449,"comfy"
"283",2019-02-13,"before",20.66503,5,80,399360,"Wednesday","on",0,0,0,0,0,43.0357142857142,0.477894737,-3.82,5.392631579,0.123684211,0.056842105,5.790526316,2.447368421,24.22105263,43.23578947,0.065263158,0.090526316,39.5600902949876,"comfy"
"284",2019-02-14,"before",19.78069,11,87,506456,"Thursday","on",0,0,0,0,0,32.4230769230768,0.705263158,-3.628421053,6.384210526,0.244631579,0.068421053,3.957894737,1.648421053,28.97894737,51.4,0.006315789,0.096842105,38.4283636841327,"comfy"
"285",2019-02-15,"before",17.74824,4,75,502836,"Friday","on",0,0,0,0,0,33.75,2.135789474,-1.533684211,6.142105263,1.252,0.449473684,5.374736842,2.092631579,35.25263158,64.43684211,0.152631579,0.209473684,36.9612820261487,"comfy"
"286",2019-02-16,"before",14.52211,0,73,1006716,"Saturday","off",0,0,0,0,0,43.5000000000001,-0.194736842,-3.251578947,3.36,0.696315789,0.094736842,5.82,3.162105263,39.95789474,58.05052632,0.081052632,0.131578947,38.0750843151033,"comfy"
"287",2019-02-17,"before",14.56007,0,63,925334,"Sunday","off",0,0,0,0,0,31.962962962963,-0.063157895,-5.313684211,6.177894737,0.051789474,0,4.948421053,2.423157895,25.70526316,50.27894737,0,0.055789474,39.1605057894527,"comfy"
"288",2019-02-18,"before",19.52336,3,72,335024,"Monday","on",0,0,0,0,0,28.3571428571428,2.252631579,-4.218947368,7.511578947,0.593894737,0.273684211,3.467368421,1.276842105,24.30526316,50.56421053,0,0,37.305462315655,"comfy"
"289",2019-02-19,"before",20.73449,1,77,365887,"Tuesday","on",0,0,0,0,0,23.4000000000001,3.146315789,0.725263158,6.086315789,2.866421053,17.31473684,4.584210526,1.767368421,58.58947368,89.62210526,0.267368421,0.267368421,37.4413333624946,"comfy"
"290",2019-02-20,"before",18.9142,7,75,473478,"Wednesday","on",0,0,0,0,0,42.0000000000001,2.809473684,-0.502105263,6.942105263,0.262315789,0.009473684,5.478947368,2.345263158,47.9893617,69.46021505,0,0.046315789,36.9411541476507,"comfy"
"291",2019-02-21,"before",18.16991,10,83,416807,"Thursday","on",0,0,0,0,0,55.6666666666669,2.703157895,-2.571578947,9.182105263,0,0,3.686315789,1.52,39.91578947,68.63052632,0,0,36.9208944842455,"comfy"
"292",2019-02-22,"before",16.99864,1,79,473944,"Friday","on",0,0,0,0,0,51.5357142857144,3.996842105,-1.377894737,10.93473684,0.118105263,0.06,3.681052632,1.421052632,35.14736842,67.24526316,0,0,37.037907689589,"comfy"
"293",2019-02-23,"before",13.50266,0,78,926843,"Saturday","off",0,0,0,0,0,47.2962962962963,5.023157895,-1.208421053,13.01473684,0.029157895,0.008421053,4.511578947,1.609473684,30.84210526,63.63894737,0,0,36.6979928633202,"comfy"
"294",2019-02-24,"before",14.40104,0,81,854813,"Sunday","off",0,0,0,0,0,44.0714285714286,6.031578947,-1.273684211,14.13684211,0,0,4.808421053,1.669473684,28.46315789,61.62842105,0,0,36.2511747890962,"comfy"
"295",2019-02-25,"before",19.27324,2,81,344498,"Monday","on",0,0,0,0,0,50.6785714285715,5.88,0.632631579,12.70210526,0,0,4.902105263,1.996842105,25.74736842,59.52,0,0,35.9359696,"comfy"
"296",2019-02-26,"before",19.21024,2,86,343922,"Tuesday","on",0,0,0,0,0,43.962962962963,5.413684211,-1.377894737,12.63894737,0.015789474,0.001052632,4.269473684,1.652631579,20.43157895,54.54842105,0,0,35.3875464888333,"comfy"
"297",2019-02-27,"before",19.16621,14,90,654339,"Wednesday","on",0,0,0,0,0,43.1428571428573,7.149473684,3.425263158,11.8212766,0.730947368,0.475789474,3.682105263,1.358947368,43.57894737,66.42526316,0,0,37.1280613057389,"comfy"
"298",2019-02-28,"before",19.72718,6,91,459349,"Thursday","on",0,0,0,0,0,75.9999999999999,6.708421053,1.533684211,13.23157895,0.157263158,0.071578947,4.493684211,1.717894737,32.11702128,64.5606383,0,0,36.7209587515423,"comfy"
"299",2019-03-01,"before",15.3943,0,79,911487,"Friday","off",0,0,0,0,0,91.6071428571432,5.949473684,-0.145263158,13.50842105,0,0,4.36,1.694736842,23.68421053,58.89368421,0,0,35.8089464631428,"comfy"
"300",2019-03-02,"before",15.04968,0,73,734518,"Saturday","off",0,0,0,0,0,77.6296296296293,6.958947368,-0.528421053,14.42842105,0.142631579,0.049473684,3.727368421,1.398947368,29.56842105,58.52947368,0,0,35.3774998044887,"comfy"
"301",2019-03-03,"before",16.22399,1,78,569547,"Sunday","off",0,0,0,0,0,69.9615384615385,8.6,2.685263158,14.61368421,0.211894737,0.250526316,3.634736842,1.363157895,29.61052632,57.21263158,0,0,34.372089684533,"comfy"
"302",2019-03-04,"before",28.10751,11,89,172488,"Monday","on",0,0,0,0,0,88.8799999999996,8.609473684,3.702105263,14.89789474,0.169473684,0.063157895,4.629473684,1.863157895,32.25263158,59.69789474,0,0,35.1305531431386,"comfy"
"303",2019-03-05,"before",32.84954,2,79,153355,"Tuesday","on",0,0,0,0,0,123.440000000001,8.125263158,1.203157895,14.16631579,0.094210526,0.017894737,3.847368421,1.383157895,34.76842105,63.14526316,0,0,36.2492068005795,"comfy"
"304",2019-03-06,"before",31.64107,5,82,544805,"Wednesday","on",0,0,0,0,0,94.3333333333336,8.538947368,4.447368421,13.99578947,0.946210526,1.26,4.866315789,1.747368421,38.61052632,66.20105263,0,0,37.1236163784544,"comfy"
"305",2019-03-07,"before",29.65074,11,73,394880,"Thursday","on",0,0,0,0,0,49.9642857142859,6.352631579,2.078947368,11.71578947,0.175473684,0.631578947,5.494736842,2.536842105,39.50526316,66.49052632,0,0,37.1039595271139,"comfy"
"306",2019-03-08,"before",25.90274,10,90,503958,"Friday","on",0,0,0,0,0,36.3703703703705,5.997894737,-1.306315789,14.35578947,0,0,4.356842105,1.565263158,22.50526316,59.19263158,0,0,35.8430430211795,"comfy"
"307",2019-03-09,"before",19.93175,0,76,1200618,"Saturday","off",0,0,0,0,0,33.2692307692309,7.798947368,-0.893684211,15.71789474,0.391052632,0.785263158,4.303157895,1.581052632,21.43157895,52.87157895,0,0,33.5728735378171,"comfy"
"308",2019-03-10,"before",20.06915,1,77,1038738,"Sunday","off",0,0,0,0,0,30.3571428571429,7.572631579,3.763157895,11.55578947,2.163368421,9.288421053,5.205263158,2.236842105,43.62765957,70.85744681,0,0,38.2672879276026,"comfy"
"309",2019-03-11,"before",26.5567,4,76,233742,"Monday","on",0,0,0,0,0,37.7857142857143,6.283157895,0.702105263,11.80947368,0.593789474,1.189473684,5.54,2.02,46.70212766,75.20638298,0,0,38.7155509449382,"comfy"
"310",2019-03-12,"before",25.9665,1,83,206024,"Tuesday","on",0,0,0,0,0,50.6785714285715,5.826315789,1.026315789,11.80842105,0.383684211,0.818947368,7.398947368,3.303157895,38.08510638,64.8787234,0,0,36.8179163459142,"comfy"
"311",2019-03-13,"before",44.17172,1,80,199730,"Wednesday","on",0,0,0,0,0,31.5714285714286,3.845263158,-1.531578947,9.291578947,0.028947368,0.022105263,7.794736842,3.517894737,19.4893617,41.25531915,0,0,35.5192754926492,"comfy"
"312",2019-03-14,"before",26.47509,21,85,232053,"Thursday","on",0,0,0,0,0,31.2962962962961,5.057446809,-2.364210526,11.65368421,0.103684211,0.012631579,5.152631579,1.987234043,20.0106383,48.80537634,0,0,34.8959744425676,"comfy"
"313",2019-03-15,"before",22.11223,7,85,294218,"Friday","on",0,0,0,0,0,31.7307692307693,5.632631579,0.986315789,12.22526316,0.772947368,3.452631579,7.536842105,2.698947368,34.07446809,69.32978723,0,0,37.4981802989508,"comfy"
"314",2019-03-16,"before",17.96192,1,83,745147,"Saturday","off",0,0,0,0,0,27.8846153846153,5.622105263,1.185263158,11.00947368,0.025263158,0.144210526,5.768421053,2.327368421,38.4,65.80736842,0,0,36.9650792998392,"comfy"
"315",2019-03-17,"before",18.48911,2,84,610367,"Sunday","off",0,0,0,0,0,28.1111111111111,6.509473684,1.074736842,12.90947368,0.068421053,0.074736842,5.341052632,2.092631579,26.90526316,58.31368421,0,0,35.4998460631337,"comfy"
"316",2019-03-18,"before",22.62765,3,75,168022,"Monday","on",0,0,0,0,0,28.8846153846153,7.34,-0.515789474,14.71894737,0.16,0.270526316,4.307368421,1.530526316,24.49473684,54.26276596,0,0,34.2115091548694,"comfy"
"317",2019-03-19,"before",22.43978,1,81,155353,"Tuesday","on",0,0,0,0,0,40.9259259259258,10.48947368,2.224210526,18.74842105,0.000842105,0,4.629473684,1.691578947,24.82978723,55.99893617,0,0,33.057321702743,"comfy"
"318",2019-03-20,"before",23.1241,3,83,305365,"Wednesday","on",0,0,0,0,0,55.4000000000001,11.29473684,5.053684211,17.04210526,1.842526316,16.51578947,6.706315789,2.138947368,40.03225806,75.15319149,0,0,41.2202758894866,"comfy"
"319",2019-03-21,"before",21.18387,8,79,305331,"Thursday","on",0,0,0,0,0,25.0740740740742,9.805376344,4.525263158,15.16210526,0.996421053,2.272631579,7.761052632,3.896842105,52.57446809,75.14891304,0,0,40.4714027590158,"comfy"
"320",2019-03-22,"before",17.86324,4,86,364608,"Friday","on",0,0,0,0,0,35.5357142857143,5.185263158,1.601052632,10.31263158,0.016631579,0,5.947368421,3.096842105,30.72631579,53.89574468,0,0,35.4353563010588,"comfy"
"321",2019-03-23,"before",15.03412,0,83,817931,"Saturday","off",0,0,0,0,0,22.4444444444445,4.172631579,-0.150526316,10.28421053,0.316315789,1.270526316,7.407368421,2.968421053,28.09473684,54.25368421,0.017894737,0.017894737,36.0788482315084,"comfy"
"322",2019-03-24,"before",15.98639,1,92,701368,"Sunday","off",0,0,0,0,0,23.4285714285713,4.595789474,-2.097894737,11.06,0.010210526,0,5.591578947,2.388421053,26.48421053,52.18736842,0,0.013684211,35.6283801470457,"comfy"
"323",2019-03-25,"before",20.52346,5,84,216143,"Monday","on",0,0,0,0,0,38.2142857142858,7.082105263,0.348421053,13.46105263,0,0,4.972631579,2.032631579,38.05263158,59.87157895,0,0,35.6370327585391,"comfy"
"324",2019-03-26,"before",19.16811,6,96,197485,"Tuesday","on",0,0,0,0,0,44.2500000000001,10.48210526,3.147368421,18.61684211,0,0,5.652631579,2.095789474,20.46315789,55.75473684,0,0,32.9621739270801,"comfy"
"325",2019-03-27,"before",19.04931,13,102,574257,"Wednesday","on",0,0,0,0,0,53.0357142857145,12.60736842,4.925263158,19.34947368,0.05,0.042105263,7.694736842,3.405263158,28.82105263,58.33723404,0,0,33.2063165559108,"comfy"
"326",2019-03-28,"before",18.0105,15,104,286135,"Thursday","on",0,0,0,0,0,44.2962962962964,10.52315789,6.524210526,15.92947368,0.202105263,0.494736842,4.825263158,2.049473684,34.53191489,65.01276596,0,0,36.7076528499959,"comfy"
"327",2019-03-29,"before",16.38264,5,89,357437,"Friday","on",0,0,0,0,0,33.1428571428573,10.47578947,4.814736842,16.85473684,0.118526316,0.28,4.744210526,1.805263158,30.38297872,56.63617021,0,0,33.3218228404631,"comfy"
"328",2019-03-30,"before",14.6986,0,92,785098,"Saturday","off",0,0,0,0,0,27.0714285714286,7.315789474,3.591578947,12.40105263,1.334736842,2.824210526,7.790526316,3.372631579,39.58510638,67.79787234,0,0,37.4640620100137,"comfy"
"329",2019-03-31,"before",15.98487,0,87,691485,"Sunday","off",0,0,0,0,0,30.888888888889,5.178947368,2.209473684,9.076842105,0.326315789,0.276842105,7.053684211,3.963157895,30.5106383,49.02659574,0,0,34.8178988799454,"comfy"
"330",2019-04-01,"before",20.51929,1,99,229296,"Monday","on",0,0,0,0,0,22.7142857142858,5.675789474,-0.265263158,11.33157895,0.082315789,0.049473684,6.345263158,2.755789474,20.75531915,45.93617021,0,0,33.9143793497555,"comfy"
"331",2019-04-02,"before",19.77728,8,96,185757,"Tuesday","on",0,0,0,0,0,24.3214285714286,6.558947368,-0.389473684,13.23789474,0.039789474,0.041052632,5.716842105,2.253684211,17.37894737,45.59468085,0,0,32.9410910027462,"comfy"
"332",2019-04-03,"before",19.41671,5,92,257102,"Wednesday","on",0,0,0,0,0,28.7142857142856,7.196842105,-0.395789474,14.26210526,0.014736842,0.068421053,5.716842105,2.317894737,17.82105263,42.99894737,0,0,31.6710754901517,"comfy"
"333",2019-04-04,"before",17.09808,13,88,210928,"Thursday","on",0,0,0,0,0,33.1428571428573,9.749473684,1.105263158,17.69473684,0,0,6.302105263,2.82,19.42105263,40.97684211,0,0,27.9223773493744,"comfy"
"334",2019-04-05,"before",15.1104,14,107,276890,"Friday","on",0,0,0,0,0,75.1481481481485,11.50736842,5.072631579,18.64105263,0.029789474,0.001052632,6.582105263,2.951578947,21.34736842,48.03052632,0,0,28.8977321502615,"comfy"
"335",2019-04-06,"before",12.69612,2,91,586455,"Saturday","off",0,0,0,0,0,57.2592592592594,11.37368421,3.215789474,18.70631579,0.166210526,0.645263158,4.734736842,1.695789474,18.56842105,46.59473684,0,0,28.3721714469396,"comfy"
"336",2019-04-07,"before",13.41081,0,87,486659,"Sunday","off",0,0,0,0,0,43.44,12.14526316,7.09893617,18.16105263,0.428210526,3.42,4.596808511,1.611702128,38.06315789,64.98,0,0,36.6459918841478,"comfy"
"337",2019-04-08,"before",18.49328,14,101,146870,"Monday","on",0,0,0,0,0,34.2142857142858,11.61894737,5.022105263,18.87473684,0,0,6.032631579,2.284210526,17.85263158,48.68421053,0,0,29.0989605266341,"comfy"
"338",2019-04-09,"before",18.12133,1,88,138796,"Tuesday","on",0,0,0,0,0,22.576923076923,9.233684211,4.857894737,15.34315789,2.092210526,22.71157895,7.001052632,3.270526316,29.08421053,62.04842105,0,0,35.7375885884937,"comfy"
"339",2019-04-10,"before",18.13841,5,93,193154,"Wednesday","on",0,0,0,0,0,11.75,7.165263158,4.584210526,9.953684211,2.010210526,7.564210526,5.625263158,2.517894737,69.86315789,83.64736842,0.007368421,0.007368421,41.1137200261718,"comfy"
"340",2019-04-11,"before",18.24164,12,102,184767,"Thursday","on",0,0,0,0,0,19.9230769230769,8.621052632,3.233684211,14.2,0.016736842,0.004210526,3.753684211,1.410526316,41.65263158,72.33578947,0,0,39.0125332095429,"comfy"
"341",2019-04-12,"before",19.82548,14,107,230917,"Friday","on",0,0,0,0,0,30.925925925926,10.49368421,3.989473684,17.5,0.110526316,0.223157895,4.9,1.757894737,24.62105263,58.98105263,0,0,34.2638573048039,"comfy"
"342",2019-04-13,"before",16.39516,0,104,396095,"Saturday","off",0,0,0,0,0,32.6428571428573,11.24736842,3.856842105,18.47052632,0,0,4.672631579,1.683157895,21.51578947,50.41157895,0,0,30.1945320283186,"comfy"
"343",2019-04-14,"before",14.22948,0,99,411031,"Sunday","off",0,0,0,0,0,29.8928571428571,10.10736842,6.131578947,14.61684211,0.687473684,0.837894737,6.346315789,2.341052632,36.92631579,61.36315789,0,0,35.3138288931429,"comfy"
"344",2019-04-15,"before",20.32344,1,97,129566,"Monday","on",0,0,0,0,0,46.7777777777777,10.97578947,2.267368421,19.49894737,0,0,5.304210526,2.044210526,17.35789474,46.58210526,0,0,28.760818639134,"comfy"
"345",2019-04-16,"before",22.48646,2,102,141968,"Tuesday","on",0,0,0,0,0,38.074074074074,13.89263158,4.149473684,22.92105263,0,0.02,4.494736842,1.590425532,13.12631579,41.55052632,0,0,22.9371231274501,"comfy"
"346",2019-04-17,"before",17.38653,10,109,144890,"Wednesday","on",0,0,0,0,0,34.7599999999999,15.14042553,8.438947368,22.56105263,0.150842105,0.436842105,4.76,1.734736842,24.47368421,50.27234043,0,0,27.0249046128444,"comfy"
"347",2019-04-18,"before",15.682,13,123,145439,"Thursday","on",0,0,0,0,0,28.4230769230769,14.90526316,7.960638298,21.29473684,0.023684211,0,5.98,2.327659574,39.02105263,65.77789474,0,0,37.0710591599276,"comfy"
"348",2019-04-19,"before",14.04578,5,109,177593,"Friday","on",0,0,0,0,0,32.4814814814813,12.67368421,9.126315789,17.35157895,0.071894737,0.015789474,4.674468085,2.001052632,53.78947368,71.74631579,0,0,40.143318736945,"comfy"
"349",2019-04-20,"before",11.00336,0,111,299594,"Saturday","off",0,0,0,0,0,33.5714285714287,14.40631579,7.250526316,21.35789474,0.160736842,0.048421053,4.671578947,1.815957447,41.15789474,67.33263158,0,0,38.013093874375,"comfy"
"350",2019-04-21,"before",11.51612,0,119,261535,"Sunday","off",0,0,0,0,0,31.1071428571429,16.32631579,11.49368421,22.14526316,0.192210526,0.038947368,4.008421053,1.522105263,48.37894737,71.67578947,0,0,41.2757627343946,"comfy"
"351",2019-04-22,"before",15.24135,5,109,102841,"Monday","on",0,0,0,0,0,49.3571428571428,17.33368421,10.16736842,25.19789474,0,0,4.574736842,1.710526316,38.53684211,67.40315789,0,0,38.3395090542311,"comfy"
"352",2019-04-23,"before",14.97225,3,125,111290,"Tuesday","on",0,0,0,0,0,40.8148148148148,16.62105263,11.98842105,21.44736842,1.625473684,5.72,4.487368421,1.743157895,48.4,75.69789474,0,0,44.2879324751379,"comfy"
"353",2019-04-24,"before",14.32589,12,113,1385529,"Wednesday","on",0,0,0,0,0,26.6923076923076,17.15684211,14.02105263,21.90842105,1.602210526,6.073684211,4.089473684,1.473684211,68.70526316,87.53368421,0,0,53.489632494518,"comfy"
"354",2019-04-25,"before",14.49592,11,105,881643,"Thursday","on",0,0,0,0,0,39.4615384615384,13.33684211,10.18947368,16.91789474,1.441789474,4.287368421,4.734736842,2.112631579,63.75789474,84.08631579,0,0,47.1925217943529,"comfy"
"355",2019-04-26,"before",13.82375,1,95,1100161,"Friday","on",0,0,0,0,0,14.1538461538462,9.325263158,7.382105263,11.68842105,2.474526316,5.874736842,4.678947368,2.344210526,70.61052632,85.62947368,0,0,43.8384918512926,"comfy"
"356",2019-04-27,"before",10.54942,0,105,1820411,"Saturday","off",0,0,0,0,0,15.2608695652175,11.35473684,5.032631579,17.69157895,0.053473684,0.069473684,4.367368421,1.708421053,33.69473684,65.71368421,0,0,36.9999126102713,"comfy"
"357",2019-04-28,"before",11.64137,1,93,1584614,"Sunday","off",0,0,0,0,0,18.5599999999999,11.97052632,8.156842105,16.96210526,0.406631579,0.222105263,3.714736842,1.435106383,41.88421053,68.18421053,0,0,38.1971015813043,"comfy"
"358",2019-04-29,"before",16.37846,1,100,514395,"Monday","on",0,0,0,0,0,18.125,11.39578947,8.158947368,14.36315789,2.086736842,19.67789474,3.484210526,1.398947368,62.42105263,85.58210526,0,0,45.9893329315572,"comfy"
"359",2019-04-30,"before",16.40617,1,109,602776,"Tuesday","on",0,0,0,0,0,22.3703703703705,14.48210526,9.691578947,20.40210526,0.185052632,0.078947368,3.887368421,1.430526316,57.46315789,80.62105263,0,0,46.1751232597022,"comfy"
"360",2019-05-01,"before",15.42391,5,97,1186785,"Wednesday","on",0,0,0,0,0,49.1923076923077,15.12105263,10.00315789,21.74526316,0.010315789,0.030526316,5.350526316,2.111578947,38.8,69.55,0,0,39.5144609865121,"comfy"
"361",2019-05-02,"before",16.38226,10,90,490060,"Thursday","on",0,0,0,0,0,56.7857142857141,15.75473684,8.104210526,23.67789474,0,0,5.452631579,2.191578947,21.52631579,52.85789474,0,0,28.2931734509125,"comfy"
"362",2019-05-03,"before",15.34306,15,103,706206,"Friday","on",0,0,0,0,0,44.7142857142857,16.52210526,7.477894737,25.77789474,0,0,4.697894737,1.670526316,19.47368421,51.69684211,0,0,26.9479909109608,"comfy"
"363",2019-05-04,"before",12.04824,0,82,1203167,"Saturday","off",0,0,0,0,0,54.9629629629632,17.46842105,8.731578947,26.34210526,0,0,3.86,1.388421053,24.23157895,55.84210526,0,0,29.4537223673252,"comfy"
"364",2019-05-05,"before",11.8376,0,78,1211291,"Sunday","off",0,0,0,0,0,48.8148148148146,18.45052632,10.62315789,26.87894737,0.002631579,0,5.103157895,1.811578947,16.92631579,49.56736842,0,0,23.8037395324616,"comfy"
"365",2019-05-06,"before",14.71834,12,100,993807,"Monday","off",0,0,0,0,0,35.6296296296297,13.61263158,8.149473684,19.97052632,0.113157895,0.241052632,6.274736842,2.925263158,22.01052632,50.77684211,0,0,28.5311851387213,"comfy"
"366",2019-05-07,"before",18.59955,6,94,280538,"Tuesday","on",0,0,0,0,0,35.8461538461539,13.68085106,5.035789474,21.53052632,0,0.002105263,5.358947368,2.121052632,17.83157895,48.08829787,0,0,26.9411504605081,"comfy"
"367",2019-05-08,"before",17.25103,4,100,208975,"Wednesday","on",0,0,0,0,0,38.2592592592593,15.43052632,7.008421053,22.56105263,0,0,5.033684211,2.147368421,20.08421053,42.99578947,0,0,21.9671897504892,"comfy"
"368",2019-05-09,"before",17.34061,12,92,286072,"Thursday","on",0,0,0,0,0,37.7407407407409,16.81808511,10.77684211,23.82947368,0,0,4.936842105,2.066315789,19.30526316,41.81595745,0,0,19.46393789595,"comfy"
"369",2019-05-10,"before",15.92225,1,90,384845,"Friday","on",0,0,0,0,0,39.0000000000001,17.25789474,8.467368421,26.37473684,0,0,4.033684211,1.524210526,20.07368421,47.45578947,0,0,23.197604388956,"comfy"
"370",2019-05-11,"before",13.55124,0,85,827751,"Saturday","off",0,0,0,0,0,40.3333333333333,18.14736842,9.98,26.85263158,0,0,3.995789474,1.415957447,22.03157895,51.38631579,0,0,25.5215246327817,"comfy"
"371",2019-05-12,"before",14.62573,0,79,740285,"Sunday","off",0,0,0,0,0,36.3214285714287,18.20842105,11.02631579,25.85157895,0,0.026315789,4.435789474,1.713684211,27.62105263,55.17368421,0,0,28.5380124746855,"comfy"
"372",2019-05-13,"before",20.12228,1,89,221558,"Monday","on",0,0,0,0,0,38.2592592592593,17.75744681,11.13789474,24.26105263,0.198105263,0.06,4.444210526,1.687368421,35.76842105,63.49255319,0,0,35.3113890559367,"comfy"
"373",2019-05-14,"before",18.80375,3,89,214778,"Tuesday","on",0,0,0,0,0,38.3076923076925,19.6,13.78,26.42947368,0.127368421,0.091578947,4.214736842,1.518947368,39.83157895,67.32315789,0,0,38.488434416879,"comfy"
"374",2019-05-15,"before",19.55525,4,85,375892,"Wednesday","on",0,0,0,0,0,41.4615384615384,20.09157895,13.96421053,27.17052632,0.006105263,0.005263158,4.090526316,1.446315789,35.92631579,64.95894737,0,0,36.3901411960873,"comfy"
"375",2019-05-16,"before",18.48189,7,89,336834,"Thursday","on",0,0,0,0,0,43.3076923076921,21.05157895,14.35263158,28.61157895,0,0,3.989473684,1.511578947,32.73684211,61.73684211,0,0,33.2771044776928,"comfy"
"376",2019-05-17,"before",18.24392,7,101,440040,"Friday","on",0,0,0,0,0,36.2962962962963,20.87263158,14.58947368,27.09263158,0.556631579,3.527368421,4.636842105,1.726315789,38.69473684,63.65789474,0,0,35.1331396081515,"comfy"
"377",2019-05-18,"before",15.83913,0,94,956134,"Saturday","off",0,0,0,0,0,20.64,18.69255319,16.16421053,21.56631579,2.439894737,23.58421053,5.762105263,2.887368421,62.57894737,80.04787234,0,0,49.012788153508,"comfy"
"378",2019-05-19,"before",17.57934,0,84,901623,"Sunday","off",0,0,0,0,0,15.2916666666666,19.37157895,16.81894737,22.46315789,2.275578947,6.562105263,4.642105263,2.165263158,68.76842105,86.31578947,0,0,54.975005262811,"comfy"
"379",2019-05-20,"before",22.98101,0,83,303801,"Monday","on",0,0,0,0,0,29.2500000000001,16.71473684,11.65263158,20.69578947,0.648526316,1.804210526,6.846315789,3.193684211,34.33684211,64.29894737,0,0,36.0124410328698,"comfy"
"380",2019-05-21,"before",24.40126,3,86,265432,"Tuesday","on",0,0,0,0,0,37.2962962962962,16.82,8.775789474,23.96842105,0,0,6.408421053,2.732631579,24.52631579,51.44631579,0,0,26.5480142424925,"comfy"
"381",2019-05-22,"before",27.97771,2,80,263928,"Wednesday","on",0,0,0,0,0,43.7857142857142,18.97473684,10.33157895,26.93473684,0,0,5.481052632,2.310526316,22.28421053,50.80736842,0,0,24.4180219059918,"comfy"
"382",2019-05-23,"before",52.0613,14,80,296464,"Thursday","on",0,0,0,0,0,51.1111111111111,20.63368421,12.58736842,28.74210526,0,0,4.778947368,1.938947368,24.85263158,54.99894737,0,0,27.0596972543982,"comfy"
"383",2019-05-24,"before",66.58455,6,85,398978,"Friday","on",0,0,0,0,0,61.4999999999999,22.61489362,13.84105263,31.02210526,0,0,4.515957447,1.89893617,30.26315789,56.7893617,0,0,27.8270213986448,"comfy"
"384",2019-05-25,"before",83.46098,0,81,887638,"Saturday","off",0,0,0,0,0,49.2857142857145,22.71789474,16.28315789,29.66947368,0,0,4.475531915,1.830851064,23.87368421,55.19368421,0,0,26.1139687766891,"comfy"
"385",2019-05-26,"before",97.53448,0,83,861122,"Sunday","off",0,0,0,0,0,34.0370370370371,22.70842105,16.11578947,29.49789474,0.279894737,0.337894737,5.646315789,2.298947368,24.82105263,54.76210526,0,0,25.6687361666091,"comfy"
"386",2019-05-27,"before",91.92292,2,76,300203,"Monday","on",0,0,0,0,0,19.2380952380953,18.42947368,15.24,21.67368421,3.229789474,29.57368421,7.452631579,3.364210526,60.17894737,86.22315789,0,0,53.8768687073575,"comfy"
"387",2019-05-28,"before",74.30448,9,98,272499,"Tuesday","on",0,0,0,0,0,19.125,17.56210526,12.22421053,23.52631579,0,0,5.633684211,2.56,28.36842105,56.33157895,0,0,29.7853571614543,"comfy"
"388",2019-05-29,"before",87.73161,8,90,579962,"Wednesday","on",0,0,0,0,0,34.1111111111112,19.44893617,11.02736842,27.12210526,0.003473684,0,5.497894737,2.175789474,25.12631579,52.50105263,0,0,25.5316758128761,"comfy"
"389",2019-05-30,"before",72.15171,15,87,747834,"Thursday","on",0,0,0,0,0,33.6785714285713,20.23368421,12.38842105,27.27894737,0.446,0.055789474,5.115789474,2.056842105,24.90526316,49.89473684,0,0,22.6138989458743,"comfy"
"390",2019-05-31,"before",70.98727,6,81,917955,"Friday","on",0,0,0,0,0,20.3076923076923,18.10105263,14.015625,23.43645833,0.765208333,0.864583333,4.928125,2.25,38.95833333,64.50315789,0,0,36.0857398278627,"comfy"
"391",2019-06-01,"before",82.38763,1,76,1641471,"Saturday","off",0,0,0,0,0,26.2222222222222,18.65684211,12.23263158,25.09895833,0,0,3.935416667,1.567368421,36.92708333,64.71684211,0,0,36.2330793932076,"comfy"
"392",2019-06-02,"before",84.8801,0,75,1476829,"Sunday","off",0,0,0,0,0,28.2222222222223,20.16979167,13.34479167,27.39895833,0,0,3.972916667,1.471875,28.375,58.734375,0,0,30.7179385282725,"comfy"
"393",2019-06-03,"before",67.04152,17,92,523161,"Monday","on",0,0,0,0,0,35.1923076923077,21.5875,13.6,29.24583333,0.018229167,0.013541667,4.464583333,1.44375,31.25,57.87916667,0,0,29.3707168392206,"comfy"
"394",2019-06-04,"before",58.65474,7,92,495051,"Tuesday","on",0,0,0,0,0,35.7307692307694,22.75729167,15.79895833,29.95833333,0.028958333,0.014583333,4.560416667,1.744791667,35.75,62.89895833,0,0,34.152894377833,"comfy"
"395",2019-06-05,"before",68.09818,8,91,707762,"Wednesday","on",0,0,0,0,0,32.7200000000001,22.61354167,16.62916667,29.63645833,0.080729167,0,4.330208333,1.571875,38.95833333,68.51145833,0,0,40.0017122450465,"comfy"
"396",2019-06-06,"before",92.31005,6,70,1564167,"Thursday","off",0,0,0,0,0,40.1199999999998,20.86041667,16.690625,26.56666667,1.742083333,23.32395833,5.342708333,1.779166667,57.45833333,80.95520833,0,0,51.5141555816663,"comfy"
"397",2019-06-07,"before",89.1105,18,99,986673,"Friday","on",0,0,0,0,0,15.2777777777778,18.4875,16.52916667,21.146875,2.611145833,22.79895833,5.488541667,2.486458333,76.01041667,89.7625,0,0,56.8523254296875,"comfy"
"398",2019-06-08,"before",93.36291,4,80,1268767,"Saturday","off",0,0,0,0,0,21.9565217391304,19.79375,15.28229167,25.22604167,0.039375,0.120833333,4.002083333,1.521875,51.53125,77.59479167,0,0,47.6607032142338,"comfy"
"399",2019-06-09,"before",96.02541,1,72,1086741,"Sunday","off",0,0,0,0,0,22.0399999999999,19.50520833,15.80520833,24.73958333,0.341458333,1.5,4.513541667,1.814583333,53.1875,76.07083333,0,0,46.1439041673392,"comfy"
"400",2019-06-10,"before",73.73441,3,88,365972,"Monday","on",0,0,0,0,0,14.8333333333333,18.10729167,15.07708333,21.98020833,0.874270833,3.29375,4.045833333,1.836458333,57.82291667,76.571875,0,0,45.7778574897126,"comfy"
"401",2019-06-11,"before",61.5313,5,97,324457,"Tuesday","on",0,0,0,0,0,14.9473684210527,18.403125,14.63125,23.31979167,0.204791667,0.908333333,3.948958333,1.658333333,51.70212766,73.52,0,0,43.4500693125,"comfy"
"402",2019-06-12,"before",59.77022,9,96,398494,"Wednesday","on",0,0,0,0,0,22.0869565217391,19.46,14.04791667,25.59166667,0.0034375,0,3.845833333,1.463829787,47.04210526,73.23510638,0,0,43.6412374282483,"comfy"
"403",2019-06-13,"before",62.49497,11,91,367222,"Thursday","on",0,0,0,0,0,22.8750000000001,20.87789474,14.49479167,27.63854167,0,0,3.940625,1.461458333,41.59375,70.27234043,0,0,41.402253850479,"comfy"
"404",2019-06-14,"before",69.10549,9,97,480169,"Friday","on",0,0,0,0,0,24.7600000000001,19.77291667,16.471875,24.28125,1.302708333,4.159375,3.34,1.218947368,56.67708333,79.04270833,0,0,48.9364333647257,"comfy"
"405",2019-06-15,"before",89.94056,0,92,979146,"Saturday","off",0,0,0,0,0,24.1666666666667,20.06145833,15.69583333,25.94270833,0.564583333,4.913541667,5.868421053,2.358947368,50.79166667,75.87708333,0,0,46.2742907021068,"comfy"
"406",2019-06-16,"before",100,2,80,885982,"Sunday","off",0,0,0,0,0,20.6000000000001,19.92708333,15.096875,25.51666667,0.238958333,0.285416667,4.562105263,1.862765957,49.34375,74.41458333,0,0,44.8881819344813,"comfy"
"407",2019-06-17,"before",80.37984,0,84,312221,"Monday","on",0,0,0,0,0,21.1153846153846,21.009375,16.58541667,26.31145833,0.021666667,0.008333333,4.035789474,1.668085106,48.51041667,72.39791667,0,0,43.4640662743413,"comfy"
"408",2019-06-18,"before",68.9939,6,95,312332,"Tuesday","on",0,0,0,0,0,24.576923076923,20.90416667,17.09479167,25.63229167,0.792708333,2.528125,4.094736842,1.530526316,55.84375,78.32604167,0,0,49.0536530967521,"comfy"
"409",2019-06-19,"before",64.37788,3,92,399431,"Wednesday","on",0,0,0,0,0,26.9615384615385,21.92210526,18.09375,27.078125,0.220520833,0.604166667,3.815789474,1.544086022,55.42708333,77.91473684,0,0,49.3208591221653,"comfy"
"410",2019-06-20,"before",66.03535,13,86,490203,"Thursday","on",0,0,0,0,0,26.6799999999999,23.03020833,17.796875,28.759375,0.0234375,0,3.945263158,1.569473684,49.28125,73.01770833,0,0,44.8442852374068,"comfy"
"411",2019-06-21,"before",69.09258,3,93,578230,"Friday","on",0,0,0,0,0,25.2399999999999,22.434375,18.16041667,28.24895833,0.159583333,1.544791667,4.645833333,1.876041667,49.30208333,74.22395833,0,0,45.8532736008988,"comfy"
"412",2019-06-22,"before",87.78892,0,95,1252745,"Saturday","off",0,0,0,0,0,18.0416666666666,21.34895833,17.125,26.778125,0.069791667,1.602083333,4.378125,1.902105263,50.19791667,71.6875,0,0,42.894697996978,"comfy"
"413",2019-06-23,"before",89.81075,0,83,1176028,"Sunday","off",0,0,0,0,0,16.7,21.25520833,16.25625,26.928125,0.087083333,0.413541667,4.348958333,1.702105263,45.16666667,69.30729167,0,0,40.5615819999125,"comfy"
"414",2019-06-24,"before",70.78041,5,85,399626,"Monday","on",0,0,0,0,0,18.0454545454545,22.115625,16.965625,27.93229167,0.07625,0.0375,4.008333333,1.536458333,47.91666667,70.95104167,0,0,42.3948518824441,"comfy"
"415",2019-06-25,"before",65.34382,4,99,371555,"Tuesday","on",0,0,0,0,0,22.9615384615385,23.20520833,16.89166667,29.94270833,0,0.025,4.086458333,1.545833333,42.73958333,68.875,0,0,40.4820547845772,"comfy"
"416",2019-06-26,"before",67.697,5,88,790692,"Wednesday","on",0,0,0,0,0,24.7826086956523,20.79578947,17.65104167,24.16666667,2.287395833,38.10104167,3.969791667,1.478947368,63.21875,85.82315789,0,0,56.0554363705752,"comfy"
"417",2019-06-27,"before",58.38261,8,83,445210,"Thursday","on",0,0,0,0,0,19.5454545454545,23.490625,20.36770833,28.40729167,1.274895833,12.85729167,3.773958333,1.448958333,66.61458333,86.53645833,0,0,59.6834602624987,"comfy"
"418",2019-06-28,"before",63.50569,4,82,521213,"Friday","on",0,0,0,0,0,23.4583333333332,23.33229167,20.25625,27.73854167,0.352395833,0.530208333,3.991666667,1.562105263,61.79166667,81.62916667,0,0,54.229046405042,"comfy"
"419",2019-06-29,"before",81.17575,1,81,1191881,"Saturday","off",0,0,0,0,0,20.0869565217391,21.515625,19.81354167,24.090625,2.971875,33.53333333,3.989583333,1.384375,77.23958333,91.76458333,0,0,62.647604936508,"comfy"
"420",2019-06-30,"before",83.98475,0,78,1052148,"Sunday","off",0,0,0,0,0,22.2692307692307,23.51979167,19.97291667,28.18125,0.165625,0.05,4.215625,1.722916667,60.88541667,82.371875,0,0,55.1930833924154,"comfy"
"421",2019-07-01,"before",66.04067,6,79,398816,"Monday","on",0,0,0,0,0,27.1249999999999,22.90729167,19.815625,26.70208333,0.517291667,0.638541667,3.61875,1.404166667,60.67708333,80.74583333,0,0,52.9410434246978,"comfy"
"422",2019-07-02,"before",58.03305,4,72,860911,"Tuesday","on",0,0,0,0,0,23.8518518518517,23.175,18.42708333,28.809375,0.014166667,0.020833333,3.946875,1.583333333,46.91666667,74.30520833,0,0,46.2756925680549,"comfy"
"423",2019-07-03,"before",93.64908,1,75,708974,"Wednesday","on",0,0,0,0,0,25.576923076923,22.68020833,18.18125,28.10833333,0.040833333,0.235416667,3.321875,1.238541667,52.0625,77.80625,0,0,49.6975800971493,"comfy"
"424",2019-07-04,"before",61.01057,11,77,633370,"Thursday","on",0,0,0,0,0,27.2692307692309,24.04375,18.19583333,30.828125,0,0,3.782291667,1.388541667,40.51041667,71.03125,0,0,43.0282479980469,"comfy"
"425",2019-07-05,"before",56.33117,11,75,907567,"Friday","on",0,0,0,0,0,29.5384615384615,24.73020833,18.89479167,31.721875,0.008645833,0.1,3.804166667,1.339583333,39.70833333,68.69157895,0,0,40.5361969577949,"comfy"
"426",2019-07-06,"before",63.2366,17,87,1732892,"Saturday","off",0,0,0,0,0,28.1481481481482,24.696875,18.74479167,30.828125,0.013854167,0.067708333,4.985416667,2.2,41.17894737,65.62,0,0,37.006360109375,"comfy"
"427",2019-07-07,"before",63.67307,0,68,1466518,"Sunday","off",0,0,0,0,0,19.64,23.05520833,19.48958333,27.83020833,0.224479167,0.454166667,5.291666667,2.585416667,47.90526316,67.52631579,0,0,39.0241871027365,"comfy"
"428",2019-07-08,"before",56.11825,5,76,420444,"Monday","on",0,0,0,0,0,15.3333333333334,22.16770833,18.60833333,26.89895833,0.399791667,1.147916667,4.471875,2.077083333,53.45263158,71.42736842,0,0,42.8931461886972,"comfy"
"429",2019-07-09,"before",51.53297,5,84,448492,"Tuesday","on",0,0,0,0,0,14.5,22.26979167,18.15104167,26.56145833,0.248125,0.261458333,4.25,2.036458333,54.15625,71.13541667,0,0,42.6265289730162,"comfy"
"430",2019-07-10,"before",52.40327,5,86,424532,"Wednesday","on",0,0,0,0,0,12.2105263157895,20.67708333,18.965625,22.90208333,3.021354167,22.38958333,4.764583333,2.4125,68.35416667,84.94479167,0,0,55.1063348820167,"comfy"
"431",2019-07-11,"before",50.80463,9,84,382429,"Thursday","on",0,0,0,0,0,10.25,22.015625,19.60416667,25.45833333,1.567395833,8.584375,4.673958333,2.227083333,71.75,86.3375,0,0,57.8656645996094,"comfy"
"432",2019-07-12,"before",50.8813,6,92,476470,"Friday","on",0,0,0,0,0,14.9166666666666,22.86666667,19.33541667,27.66041667,0.1415625,0.264583333,3.990625,1.651041667,56.58333333,78.740625,0,0,50.799743700214,"comfy"
"433",2019-07-13,"before",64.13042,0,87,1163215,"Saturday","off",0,0,0,0,0,23.7599999999999,22.86875,19.73333333,27.19895833,0.7115625,2.651041667,3.205208333,1.141666667,60.04166667,81.7875,0,0,54.0061635351562,"comfy"
"434",2019-07-14,"before",84.64402,0,78,1032671,"Sunday","off",0,0,0,0,0,27.2592592592593,23.62083333,19.90520833,28.77395833,0.0909375,2.439583333,3.988541667,1.44375,57.51041667,81.07708333,0,0,53.8690301520786,"comfy"
"435",2019-07-15,"before",62.86844,1,88,287280,"Monday","on",0,0,0,0,0,26.9166666666668,22.99270833,20.32083333,27.11354167,0.576458333,9.348958333,3.691666667,1.298958333,66.14583333,85.24479167,0,0,57.770419757856,"comfy"
"436",2019-07-16,"before",58.48622,3,98,291764,"Tuesday","on",0,0,0,0,0,22.4583333333333,23.52395833,20.00625,28.46666667,0.320104167,3.710416667,3.803125,1.398958333,59.72916667,82.246875,0,0,55.0609797439996,"comfy"
"437",2019-07-17,"before",54.90522,7,92,495931,"Wednesday","on",0,0,0,0,0,26.1481481481481,24.1625,20.38645833,28.69583333,0.417604167,3.658333333,3.672916667,1.447916667,59.30208333,80.45,0,0,53.60645828125,"comfy"
"438",2019-07-18,"before",51.6734,13,95,443637,"Thursday","on",0,0,0,0,0,28.5769230769232,23.88421053,21.03125,27.484375,1.733333333,13.103125,3.565263158,1.413684211,68.1875,85.31157895,0,0,58.761608111975,"comfy"
"439",2019-07-19,"before",50.78375,7,88,571546,"Friday","on",0,0,0,0,0,20.7083333333333,24.83958333,21.790625,28.03125,1.655208333,21.271875,5.084210526,1.905263158,72.53125,86.19479167,0,0,60.7680534990604,"comfy"
"440",2019-07-20,"before",60.21808,0,91,1245159,"Saturday","off",0,0,0,0,0,12.2941176470588,24.52916667,22.93645833,26.66979167,3.86875,59.1,7.053684211,3.653191489,79.63541667,89.509375,0,0,64.2073607756573,"comfy"
"441",2019-07-21,"before",60.88342,0,84,1152461,"Sunday","off",0,0,0,0,0,17.7142857142857,24.62291667,22.509375,27.65833333,1.993854167,19.915625,5.253684211,2.384210526,76.67708333,90.73645833,0,0,65.7279510514645,"comfy"
"442",2019-07-22,"before",50.86801,2,78,352041,"Monday","on",0,0,0,0,0,27.925925925926,26.62916667,23.021875,31.26041667,0.1446875,1.438541667,4.251041667,1.877083333,62.55208333,82.03854167,0,0,57.5098831700104,"comfy"
"443",2019-07-23,"before",45.15625,4,91,343924,"Tuesday","on",0,0,0,0,0,21.1666666666667,27.34583333,23.89270833,31.98958333,0.1453125,0.026041667,4.214583333,1.897916667,59.64583333,80.03229167,0,0,55.5476254325364,"comfy"
"444",2019-07-24,"before",43.35646,5,89,486585,"Wednesday","on",0,0,0,0,0,18.5,26.38541667,24.48958333,29.27604167,0.568645833,0.75625,3.790625,1.8125,72.41666667,85.4375,0,0,61.4997713250783,"comfy"
"445",2019-07-25,"before",40.73798,19,94,457569,"Thursday","on",0,0,0,0,0,19.64,26.18736842,24.55578947,28.78020833,1.379270833,14.41875,3.723157895,1.674736842,80.58947368,91.15263158,0,0,68.2966711051448,"little"
"446",2019-07-26,"before",41.77679,4,81,489752,"Friday","on",0,0,0,0,0,18.6666666666667,26.19157895,24.48854167,28.77291667,1.541041667,17.86979167,4.167708333,1.895833333,78.5625,90.57604167,0,0,67.5956869357059,"comfy"
"447",2019-07-27,"before",45.39461,1,82,999509,"Saturday","off",0,0,0,0,0,21.0526315789473,26.69684211,24.359375,29.90416667,0.837604167,13.96145833,3.651578947,1.435789474,74.5625,89.50105263,0,0,66.9105785934248,"comfy"
"448",2019-07-28,"before",47.22439,0,78,905688,"Sunday","off",0,0,0,0,0,15.7368421052632,26.65684211,24.725,29.59583333,1.196041667,11.26770833,4.661052632,2.111578947,73.72631579,87.80315789,0,0,64.7384585890611,"comfy"
"449",2019-07-29,"before",43.78762,1,74,492876,"Monday","on",0,0,0,0,0,15.7407407407408,27.43894737,24.11157895,31.68210526,0.158333333,0.170833333,4.532631579,2.133684211,61.41052632,80.42947368,0,0,56.1307205010562,"comfy"
"450",2019-07-30,"before",40.75658,7,90,494999,"Tuesday","on",0,0,0,0,0,16.2173913043479,27.98526316,24.59157895,31.84736842,0.08875,1.039583333,4.994680851,2.592553191,64.49473684,79.61263158,0,0,55.4778456450408,"comfy"
"451",2019-07-31,"before",43.32951,4,80,1348443,"Wednesday","on",0,0,0,0,0,13.8,28.10957447,25.16315789,31.68541667,0.7909375,4.976041667,4.935789474,2.35,63.92708333,79.75106383,0,0,55.7527077546454,"comfy"
"452",2019-08-01,"before",35.93257,10,76,907602,"Thursday","on",0,0,0,0,0,14.2380952380952,28.05208333,24.340625,32.70625,0.341666667,3.204166667,3.903125,1.661458333,58.63541667,79.23958333,0,0,55.0335035468091,"comfy"
"453",2019-08-02,"before",33.55777,15,84,962610,"Friday","on",0,0,0,0,0,17.0434782608695,28.43789474,24.02842105,33.87395833,0.032604167,0.0375,3.289583333,1.242105263,52.82291667,77.06210526,0,0,52.385370439764,"comfy"
"454",2019-08-03,"before",31.66574,0,66,1429647,"Saturday","off",0,0,0,0,0,21.4782608695652,27.946875,23.91145833,33.79375,0.052604167,0.992708333,3.91875,1.286458333,54.65625,79.178125,0,0,54.8772969702148,"comfy"
"455",2019-08-04,"before",32.42027,0,64,1333502,"Sunday","off",0,0,0,0,0,28.1599999999999,28.07083333,23.55729167,33.78645833,0.048854167,0.442708333,3.340625,1.2,53.28125,77.87291667,0,0,53.2378567448877,"comfy"
"456",2019-08-05,"before",31.44636,24,94,709401,"Monday","on",0,0,0,0,0,33.3846153846155,28.409375,23.76145833,34.159375,0.009166667,0.357291667,3.444791667,1.260416667,52.47916667,76.696875,0,0,51.8782997973633,"comfy"
"457",2019-08-06,"before",31.63765,6,81,644370,"Tuesday","on",0,0,0,0,0,28.304347826087,27.28510638,23.52708333,31.75833333,0.6515625,9.517708333,4.446875,1.861052632,56.77083333,77.02765957,0,0,51.647792351016,"comfy"
"458",2019-08-07,"before",34.72448,5,74,921430,"Wednesday","on",0,0,0,0,0,26.8333333333334,26.96526316,23.62526316,31.70631579,0.934105263,14.62736842,4.64,1.814893617,61.24210526,83.53684211,0,0,59.6961859027119,"comfy"
"459",2019-08-08,"before",34.18325,7,71,763893,"Thursday","on",0,0,0,0,0,28.0869565217391,27.48105263,23.93052632,32.95052632,0.210105263,3.957894737,4.161052632,1.389473684,57.69473684,81.57157895,0,0,57.6400655862911,"comfy"
"460",2019-08-09,"before",32.58955,12,86,799667,"Friday","on",0,0,0,0,0,21.2272727272727,28.09263158,23.97894737,33.31473684,0.047368421,0.071578947,3.312631579,1.241052632,54.91578947,78.51789474,0,0,54.1063845101601,"comfy"
"461",2019-08-10,"before",32.34095,1,78,1461144,"Saturday","off",0,0,0,0,0,23.2800000000001,28.31578947,24.19578947,33.06947368,0.017368421,0.032631579,4.883157895,2.221052632,54.05263158,74.57368421,0,0,48.9861499975596,"comfy"
"462",2019-08-11,"before",32.44001,0,74,1335614,"Sunday","off",0,0,0,0,0,19.1599999999999,28.02315789,24.63473684,31.79578947,1.117052632,7.867368421,6.336842105,3.527368421,57.30526316,73.61052632,0,0,47.5756476877786,"comfy"
"463",2019-08-12,"before",30.64287,1,73,548331,"Monday","on",0,0,0,0,0,20.4800000000001,27.5,25.07263158,30.89157895,1.540105263,14.44947368,5.087368421,2.354736842,69.03157895,84.45052632,0,0,61.38092474229,"comfy"
"464",2019-08-13,"before",31.36096,8,90,536455,"Tuesday","on",0,0,0,0,0,21.1666666666667,28.3106383,24.11684211,33.46315789,0.141263158,0.801052632,3.84,1.552631579,56.78947368,78.87234043,0,0,54.7277184094433,"comfy"
"465",2019-08-14,"before",32.37549,13,95,855096,"Wednesday","on",0,0,0,0,0,19,28.26736842,24.49894737,32.66,0.254631579,0.951578947,4.519148936,2.182105263,60.52631579,77.51473684,0,0,52.8865966596915,"comfy"
"466",2019-08-15,"before",30.47435,7,72,1680019,"Thursday","off",0,0,0,0,0,11.8947368421053,25.93684211,24.09263158,28.81052632,1.996210526,16.07052632,4.912765957,2.432631579,72.92631579,87.28421053,0,0,63.2722357993188,"comfy"
"467",2019-08-16,"before",26.59617,4,83,785308,"Friday","on",0,0,0,0,0,18.4761904761905,26.17157895,23.09052632,30.40105263,0.490631579,1.986315789,5.005319149,2.253684211,61.68421053,80.47263158,0,0,55.1982629349197,"comfy"
"468",2019-08-17,"before",24.1743,0,92,1226661,"Saturday","off",0,0,0,0,0,27.7407407407407,25.90315789,21.79368421,30.64,0.139789474,2.210526316,4.873404255,2.111578947,54.42105263,76.84315789,0,0,50.5957162441029,"comfy"
"469",2019-08-18,"before",23.70632,0,84,1056204,"Sunday","off",0,0,0,0,0,25,25.07052632,20.85157895,30.48,0.011157895,0.307368421,3.633684211,1.416842105,44.26315789,74.31473684,0,0,47.1539148047346,"comfy"
"470",2019-08-19,"before",26.20144,5,91,389539,"Monday","on",0,0,0,0,0,25.68,24.82947368,19.83473684,30.37578947,0.041578947,0.177894737,3.296842105,1.311578947,51.17894737,77.23157895,0,0,50.4105534741521,"comfy"
"471",2019-08-20,"before",25.37897,5,93,362719,"Tuesday","on",0,0,0,0,0,28.1481481481482,25.70315789,21.33894737,30.64421053,0.072526316,0.095789474,3.895789474,1.66,55.03157895,75.77894737,0,0,49.200663262521,"comfy"
"472",2019-08-21,"before",25.96347,6,103,462119,"Wednesday","on",0,0,0,0,0,27.7307692307693,25.57473684,22.31263158,29.83157895,0.959894737,9.02,3.370526316,1.204210526,64.83157895,83.48421053,0,0,58.3265650550551,"comfy"
"473",2019-08-22,"before",22.89561,10,99,444625,"Thursday","on",0,0,0,0,0,25.9999999999999,25.67311828,22.87052632,30.18315789,1.401157895,24.86736842,4.423157895,1.689473684,59.50526316,83.68172043,0,0,58.655453282739,"comfy"
"474",2019-08-23,"before",21.12352,5,93,484006,"Friday","on",0,0,0,0,0,28.2962962962963,24.43829787,20.61170213,29.16914894,0.063263158,0.002105263,3.746236559,1.445744681,49.05319149,75.27021277,0,0,47.9478041206429,"comfy"
"475",2019-08-24,"before",19.34384,0,90,975528,"Saturday","off",0,0,0,0,0,23.7857142857144,22.64361702,18.70638298,27.44893617,0.022,0.008421053,3.359574468,1.190425532,55.08510638,78.28297872,0,0,50.1700072415356,"comfy"
"476",2019-08-25,"before",21.53722,0,89,897377,"Sunday","off",0,0,0,0,0,19.4347826086957,22.84361702,18.74210526,28.24947368,0.239052632,0.761052632,3.268421053,1.114736842,52.41052632,79.46382979,0,0,51.5436416927881,"comfy"
"477",2019-08-26,"before",24.15798,2,89,318163,"Monday","on",0,0,0,0,0,21.3928571428572,23.97052632,18.78315789,29.64,0.170947368,0.443157895,3.706315789,1.372631579,50.65263158,77.46947368,0,0,50.1502296400561,"comfy"
"478",2019-08-27,"before",23.59967,5,97,306831,"Tuesday","on",0,0,0,0,0,19.1599999999999,22.67052632,20.54842105,25.26842105,2.186315789,19.32842105,3.591578947,1.215789474,75.45263158,90.44736842,0,0,62.8575472412231,"comfy"
"479",2019-08-28,"before",23.58562,15,104,688516,"Wednesday","on",0,0,0,0,0,19.2083333333333,23.59578947,20.78736842,27.58526316,0.965368421,3.954736842,3.322105263,1.142105263,66.14736842,86.53578947,0,0,59.7980472761555,"comfy"
"480",2019-08-29,"before",23.00758,7,89,336735,"Thursday","on",0,0,0,0,0,24.2,22.21263158,19.72,25.44526316,0.847263158,6.435789474,4.369473684,1.451578947,71.36842105,87.51789474,0,0,59.2808217096849,"comfy"
"481",2019-08-30,"before",20.7045,7,95,398027,"Friday","on",0,0,0,0,0,19.2608695652175,22.64,18.34315789,27.93263158,0.057052632,0.108421053,4.718947368,1.912631579,47.13684211,73.84526316,0,0,45.5526429706104,"comfy"
"482",2019-08-31,"before",18.17522,1,96,764982,"Saturday","off",0,0,0,0,0,16.1250000000001,22.39473684,17.39157895,28.24315789,0.019789474,0.065263158,3.734736842,1.398947368,48.24210526,74.94210526,0,0,46.5729361799339,"comfy"
"483",2019-09-01,"before",20.51321,2,80,647518,"Sunday","off",0,0,0,0,0,20.1250000000001,21.80315789,17.90421053,26.48736842,0.823052632,1.694736842,2.766315789,0.962105263,58.10526316,82.69684211,0,0,54.0080187688962,"comfy"
"484",2019-09-02,"before",27.03758,1,81,220716,"Monday","on",0,0,0,0,0,19.75,21.52947368,18.90531915,24.97553191,1.764315789,10.98210526,3.071578947,1.147368421,68.85263158,86.83368421,0,0,57.8248496579587,"comfy"
"485",2019-09-03,"before",28.05286,18,108,212994,"Tuesday","on",0,0,0,0,0,16.4583333333334,22.04210526,19.99680851,24.74574468,2.111263158,16.19368421,3.237894737,1.157894737,79.92631579,91.72526316,0,0,63.3290624188573,"comfy"
"486",2019-09-04,"before",25.9331,9,98,272608,"Wednesday","on",0,0,0,0,0,12.0869565217392,23.25052632,21.25368421,26.08736842,2.167894737,13.05684211,3.503157895,1.330526316,81.66315789,93.01368421,0,0,66.3627346581094,"comfy"
"487",2019-09-05,"before",25.40857,9,92,228187,"Thursday","on",0,0,0,0,0,16.3000000000001,24.12631579,21.71157895,29.01157895,1.363894737,21.46842105,4.273684211,1.194736842,71.16842105,90.90210526,0,0,65.2595612603258,"comfy"
"488",2019-09-06,"before",23.02959,21,113,286425,"Friday","on",0,0,0,0,0,17.2400000000001,25.19574468,21.91684211,28.75157895,1.368842105,4.986315789,5.027368421,1.873684211,72.11578947,86.8893617,0,0,61.9672992767716,"comfy"
"489",2019-09-07,"before",20.98954,0,96,580285,"Saturday","off",0,0,0,0,0,19.2105263157895,25.49255319,22.49052632,28.63473684,2.292210526,14.24421053,11.08210526,4.951578947,66.97894737,82.56382979,0,0,57.1552351394703,"comfy"
"490",2019-09-08,"before",20.12532,0,92,634720,"Sunday","off",0,0,0,0,0,23.8695652173913,24.38736842,21.63473684,28.18421053,0.954842105,1.774736842,3.363157895,1.191578947,67.10526316,86.28631579,0,0,60.3837950310339,"comfy"
"491",2019-09-09,"before",23.21936,0,92,157444,"Monday","on",0,0,0,0,0,24.4800000000001,24.63368421,22.20736842,28.38631579,1.882842105,8.802105263,3.827368421,1.454736842,70.70526316,88.50105263,0,0,63.1845709028255,"comfy"
"492",2019-09-10,"before",20.88631,11,107,161148,"Tuesday","on",0,0,0,0,0,22.0000000000001,25.17263158,22.37052632,29.32105263,0.983368421,13.33263158,4.338947368,1.846808511,64.17894737,84.46947368,0,0,59.1047667539994,"comfy"
"493",2019-09-11,"before",17.53114,17,92,704059,"Wednesday","on",0,0,0,0,0,19.1363636363637,23.82315789,21.40526316,27.76526316,0.941157895,8.022105263,4.455789474,1.84893617,69.82105263,85.80526316,0,0,59.2424909446748,"comfy"
"494",2019-09-12,"before",13.82906,2,77,1096332,"Thursday","off",0,0,0,0,0,12.6363636363636,20.82210526,18.64315789,23.32105263,1.275368421,3.643157895,3.957894737,2.068421053,68.2,81.86210526,0,0,52.3402951469561,"comfy"
"495",2019-09-13,"before",12.93865,2,82,1386785,"Friday","off",0,0,0,0,0,14.4545454545454,21.56105263,17.20210526,27.13894737,0.087052632,0.021052632,3.890526316,1.633684211,51.09473684,75.68723404,0,0,46.8967090845584,"comfy"
"496",2019-09-14,"before",15.1791,1,84,1540701,"Saturday","off",0,0,0,0,0,15.1818181818181,22.17789474,17.31789474,27.40736842,0.174315789,0.151578947,3.32,1.190526316,58.50526316,81.32234043,0,0,52.94753732601,"comfy"
"497",2019-09-15,"before",18.05073,0,82,1107849,"Sunday","off",0,0,0,0,0,15.5217391304348,23.22,19.57578947,28.37473684,0.085052632,0.382105263,3.982105263,1.577894737,57.89473684,80.41473684,0,0,52.8349700293258,"comfy"
"498",2019-09-16,"before",23.31235,1,78,368153,"Monday","on",0,0,0,0,0,16.5652173913043,22.20210526,17.95789474,27.89684211,0.006315789,0.107368421,4.031578947,1.642105263,47.69473684,74.54842105,0,0,46.0780065853125,"comfy"
"499",2019-09-17,"before",22.00217,4,92,282798,"Tuesday","on",0,0,0,0,0,18.6363636363637,21.10421053,15.37157895,27.55684211,0,0.002105263,4.02,1.633684211,38.82105263,69.47052632,0,0,40.6885957047955,"comfy"
"500",2019-09-18,"before",20.02512,4,87,271717,"Wednesday","on",0,0,0,0,0,24.6666666666667,20.79157895,15.35894737,27.71263158,0.029894737,0,5.188421053,1.983157895,31.89473684,66.07789474,0,0,37.4240848872621,"comfy"
"501",2019-09-19,"before",18.19913,18,97,266802,"Thursday","on",0,0,0,0,0,23.375,19.03763441,13.42947368,25.43578947,0.008736842,0.006315789,4.023157895,1.593617021,42.85263158,69.05053763,0,0,39.9075773305856,"comfy"
"502",2019-09-20,"before",16.97321,3,93,317843,"Friday","on",0,0,0,0,0,19.695652173913,19.16842105,14.80736842,23.72736842,0.089263158,0.030526316,4.168421053,1.755789474,50.32631579,72.49263158,0,0,42.8867067367913,"comfy"
"503",2019-09-21,"before",15.03488,0,97,674369,"Saturday","off",0,0,0,0,0,13.9499999999999,17.60947368,15.83368421,20.38,3.502947368,42.14947368,4.877894737,2.204210526,70.83157895,88.13684211,0,0,54.4782519460803,"comfy"
"504",2019-09-22,"before",15.97994,0,81,581737,"Sunday","off",0,0,0,0,0,14.4444444444444,17.52947368,16.03894737,19.21157895,4.292421053,69.11789474,8.344210526,4.465263158,72.14736842,86.43894737,0,0,53.071511633467,"comfy"
"505",2019-09-23,"before",18.45343,1,80,184600,"Monday","on",0,0,0,0,0,13.6111111111111,17.88494624,14.13368421,22.14736842,0.642,1.254736842,5.723157895,2.010752688,55.70526316,77.34193548,0,0,46.2593070680815,"comfy"
"506",2019-09-24,"before",17.83895,2,87,209294,"Tuesday","on",0,0,0,0,0,20.6190476190477,17.62553191,12.39894737,24.83473684,0,0,3.306382979,1.164516129,42.2,77.69354839,0,0,46.3730093677191,"comfy"
"507",2019-09-25,"before",16.74776,8,97,413438,"Wednesday","on",0,0,0,0,0,23.5238095238095,18.22736842,12.55578947,24.67157895,0,0,2.923157895,1.104210526,48.12631579,79.66808511,0,0,48.3530178834501,"comfy"
"508",2019-09-26,"before",16.73371,23,97,242867,"Thursday","on",0,0,0,0,0,23.4999999999999,20.32105263,15.75052632,26.19578947,0.049263158,0.011578947,3.371578947,1.345263158,54.58947368,79.48947368,0,0,49.7333359160341,"comfy"
"509",2019-09-27,"before",17.85109,8,105,301461,"Friday","on",0,0,0,0,0,24.4347826086956,21.19042553,16.56526316,26.76315789,0.428631579,2.914736842,3.121052632,1.228421053,54.91578947,80.95806452,0,0,51.7825368304337,"comfy"
"510",2019-09-28,"before",17.45561,0,90,597429,"Saturday","off",0,0,0,0,0,24.9230769230769,22.36210526,19.17263158,27.19263158,0.416315789,1.590526316,2.928421053,0.973684211,65.23157895,85.89157895,0,0,57.7847323572369,"comfy"
"511",2019-09-29,"before",17.83249,0,90,549648,"Sunday","off",0,0,0,0,0,30.0357142857142,22.02947368,17.94315789,28.28526316,0.075473684,0.552631579,3.266315789,1.12,50.37894737,81.75473684,0,0,53.2610975522076,"comfy"
"512",2019-09-30,"before",19.75261,1,88,233715,"Monday","on",0,0,0,0,0,36.6538461538462,21.42210526,16.53789474,27.94631579,0.067894737,0.86,2.981052632,0.998947368,54.97894737,82.94787234,0,0,53.9117119757173,"comfy"
"513",2019-10-01,"before",20.1052,5,97,212655,"Tuesday","on",0,0,0,0,0,33.2083333333333,21.17446809,18.02421053,24.54736842,1.297263158,11.53789474,3.323157895,1.049473684,76.21276596,90.18602151,0,0,60.6595897751094,"comfy"
"514",2019-10-02,"before",19.87179,12,98,633924,"Wednesday","on",0,0,0,0,0,19.5789473684211,21.05894737,19.46315789,22.93894737,4.489263158,103.2463158,6.651578947,2.542105263,85.08510638,94.54946237,0,0,64.6881420762224,"comfy"
"515",2019-10-03,"before",17.93725,11,83,1238969,"Thursday","off",0,0,0,0,0,21.6875,21.84105263,18.53578947,26.04421053,1.603157895,25.85473684,7.126315789,3.009473684,62.4893617,83.78404255,0,0,55.1272070885351,"comfy"
"516",2019-10-04,"before",18.91078,23,114,696110,"Friday","on",0,0,0,0,0,29.9565217391305,21.06947368,17.03894737,26.71789474,0.058736842,0.310526316,3.686315789,1.36,58.90526316,84.23617021,0,0,54.8251953482228,"comfy"
"517",2019-10-05,"before",16.20918,3,93,987916,"Saturday","off",0,0,0,0,0,27.0476190476191,18.73684211,15.40315789,22.43473684,0.51,3.023157895,4.886315789,2.215789474,66.14736842,81.28947368,0,0,50.0843157898491,"comfy"
"518",2019-10-06,"before",15.96666,2,87,833153,"Sunday","off",0,0,0,0,0,14.9047619047619,17.20315789,13.33789474,21.72631579,0.095263158,0.024210526,4.225263158,1.976842105,52.35789474,71.61052632,0,0,41.5070746858932,"comfy"
"519",2019-10-07,"before",18.4094,18,105,348619,"Monday","on",0,0,0,0,0,11.75,15.63684211,13.90842105,17.90210526,2.479052632,8.095789474,3.502105263,1.368421053,73.09473684,89.52105263,0,0,53.0832432943422,"comfy"
"520",2019-10-08,"before",17.55657,2,101,450290,"Tuesday","on",0,0,0,0,0,11,15.85578947,10.29473684,21.80947368,0.031789474,0.055789474,5.552631579,2.297894737,38.15789474,68.75638298,0,0,39.1240151114001,"comfy"
"521",2019-10-09,"before",15.90441,7,87,837515,"Wednesday","off",0,0,0,0,0,11,13.23894737,6.903157895,21.06421053,0,0,3.603157895,1.408421053,29.98947368,65.32210526,0,0,36.8011306929852,"comfy"
"522",2019-10-10,"before",16.94512,10,94,272905,"Thursday","on",0,0,0,0,0,21.88,14.82421053,8.48,21.52736842,0.05,0.007368421,2.687368421,0.987368421,41.67368421,73.35157895,0,0,41.8533689084269,"comfy"
"523",2019-10-11,"before",15.92642,9,94,393823,"Friday","on",0,0,0,0,0,28.3846153846154,17.81684211,11.79052632,24.54210526,0.016526316,0.016842105,4.445263158,1.794736842,38.30526316,69.73684211,0,0,40.2250657942422,"comfy"
"524",2019-10-12,"before",13.90763,1,91,694485,"Saturday","off",0,0,0,0,0,25.346153846154,17.95473684,13.56947368,23.2,0.013157895,0.02,6.002105263,3.038947368,41.43157895,62.69473684,0,0,34.655805893377,"comfy"
"525",2019-10-13,"before",14.73883,1,81,596646,"Sunday","off",0,0,0,0,0,20.608695652174,15.74842105,10.62,22.01684211,0.015789474,0,4.431578947,1.863157895,42.36842105,67.88315789,0,0,38.512362201722,"comfy"
"526",2019-10-14,"before",17.90119,1,95,218997,"Monday","on",0,0,0,0,0,25.9199999999999,14.55473684,9.330526316,21.23263158,0.143263158,2.525263158,5.225263158,1.94,46.63157895,74.21894737,0,0,42.2791130316004,"comfy"
"527",2019-10-15,"before",17.04152,6,110,215981,"Tuesday","on",0,0,0,0,0,20.7142857142857,13.24210526,8.582105263,18.58210526,0.414947368,1.001052632,4.256842105,1.765263158,52.34736842,74.39052632,0,0,41.7787493692736,"comfy"
"528",2019-10-16,"before",17.49812,10,105,205439,"Wednesday","on",0,0,0,0,0,22.7826086956521,13.25894737,8.125263158,20.19789474,0,0,3.167368421,1.192631579,43.55789474,76.61578947,0,0,43.0099339988874,"comfy"
"529",2019-10-17,"before",16.43729,20,106,256854,"Thursday","on",0,0,0,0,0,24.4399999999999,13.97553191,9.505263158,19.86105263,0.008315789,0,3.470526316,1.322105263,49.68421053,77.0787234,0,0,43.6960900415204,"comfy"
"530",2019-10-18,"before",15.80725,6,110,344197,"Friday","on",0,0,0,0,0,17.4545454545454,15.16914894,10.98,19.31157895,1.199789474,4.418947368,4.056842105,1.746315789,62.48421053,82.16382979,0,0,47.7183053848179,"comfy"
"531",2019-10-19,"before",13.75809,0,102,598642,"Saturday","off",0,0,0,0,0,20.1904761904761,16.15789474,11.78526316,22.30736842,0.193263158,0.269473684,3.897894737,1.498947368,50.18947368,80.14631579,0,0,47.1618144764616,"comfy"
"532",2019-10-20,"before",14.66937,0,96,523278,"Sunday","off",0,0,0,0,0,28.6190476190475,15.09368421,10.49263158,22.37052632,0,0,2.990526316,1.121052632,43.03157895,80.25368421,0,0,46.4195215203085,"comfy"
"533",2019-10-21,"before",17.59338,8,99,181995,"Monday","on",0,0,0,0,0,30.5833333333333,15.17052632,9.542105263,22.78947368,0,0,3.651578947,1.377894737,41.64210526,76.66842105,0,0,44.14935379021,"comfy"
"534",2019-10-22,"before",17.27646,3,101,186306,"Tuesday","on",0,0,0,0,0,26.1818181818183,15.82631579,10.28736842,22.72736842,0.063789474,0.015789474,3.598947368,1.363157895,47.29473684,76.01263158,0,0,44.0818074746918,"comfy"
"535",2019-10-23,"before",16.5633,8,106,287707,"Wednesday","on",0,0,0,0,0,24.0400000000001,15.94631579,12.10947368,19.88736842,0.287578947,0.075789474,3.663157895,1.507368421,57.88421053,77.01578947,0,0,44.8397812346146,"comfy"
"536",2019-10-24,"before",16.07141,20,116,286036,"Thursday","on",0,0,0,0,0,24.2592592592592,17.24631579,13.59789474,21.86315789,0.451263158,2.510526316,4.563157895,2.014736842,49.57894737,71.12315789,0,0,41.1512568807727,"comfy"
"537",2019-10-25,"before",14.80259,5,111,384392,"Friday","on",0,0,0,0,0,21.08,16.87263158,11.94315789,22.58526316,0.231789474,0.370526316,4.429473684,1.793684211,47.6,72.40526316,0,0,41.9894021861425,"comfy"
"538",2019-10-26,"before",13.16069,2,103,689118,"Saturday","off",0,0,0,0,0,20.2799999999999,12.81789474,8.957894737,17.00947368,0.019473684,0.015789474,5.227659574,2.592553191,42.47368421,63.98631579,0,0,36.1025425737034,"comfy"
"539",2019-10-27,"before",15.10471,0,101,624609,"Sunday","off",0,0,0,0,0,20.2916666666666,10.52842105,5.36,17.22736842,0.047368421,0.193684211,4.239361702,1.653191489,34.63157895,66.58842105,0,0,37.3489699882596,"comfy"
"540",2019-10-28,"before",17.28481,2,94,255547,"Monday","on",0,0,0,0,0,28.8,11.44947368,4.515789474,18.44736842,0.099473684,0.293684211,4.064893617,1.494680851,39.96842105,70.86,0,0,39.3435047304108,"comfy"
"541",2019-10-29,"before",17.02293,2,113,286572,"Tuesday","on",0,0,0,0,0,68.9642857142857,13.09157895,8.049473684,18.66421053,0.098315789,0.565263158,5.116842105,1.991578947,36.94736842,66.91263158,0,0,37.6634177323358,"comfy"
"542",2019-10-30,"before",17.14476,11,113,701237,"Wednesday","on",0,0,0,0,0,26.8846153846154,11.18421053,5.595789474,18.20210526,0,0,3.965263158,1.572631579,36.77894737,67.87263158,0,0,37.951361711438,"comfy"
"543",2019-10-31,"before",16.19704,7,104,414466,"Thursday","on",0,0,0,0,0,63.4615384615382,13.08,5.886315789,20.50736842,0,0,4.363157895,1.661052632,43.77894737,72.9,0,0,40.898347,"comfy"
"544",2019-11-01,"before",16.45589,6,89,471551,"Friday","on",0,0,0,0,0,85.4230769230773,14.15157895,8.749473684,21.53368421,0,0,3.742105263,1.389473684,36.77894737,72.72315789,0,0,41.2043879350032,"comfy"
"545",2019-11-02,"before",13.56983,0,83,902264,"Saturday","off",0,0,0,0,0,57.2142857142857,13.39368421,7.628421053,19.96421053,0,0,2.812631579,0.957894737,51.22105263,78.29052632,0,0,44.0203624440994,"comfy"
"546",2019-11-03,"before",14.23024,0,83,787627,"Sunday","off",0,0,0,0,0,45.4400000000002,13.65052632,9.36,20.16210526,0.250421053,1.463157895,4.292631579,1.465263158,43.62105263,76.18510638,0,0,42.9907424328919,"comfy"
"547",2019-11-04,"before",17.81086,14,115,256754,"Monday","on",0,0,0,0,0,21.8399999999999,12.34105263,7.555789474,18.73473684,0.018947368,0.183157895,3.304210526,1.243157895,46.82105263,75.91368421,0,0,42.1268997462493,"comfy"
"548",2019-11-05,"before",17.69244,3,102,239737,"Tuesday","on",0,0,0,0,0,29.0714285714287,11.59368421,6.174736842,18.92,0.004736842,0.002105263,3.941489362,1.377659574,42.4,75.78617021,0,0,41.6631975667476,"comfy"
"549",2019-11-06,"before",17.58997,2,99,247345,"Wednesday","on",0,0,0,0,0,34.0714285714285,11.24042553,5.538947368,18.49368421,0.030736842,0,3.536170213,1.258510638,35.91578947,71.48602151,0,0,39.5636564725197,"comfy"
"550",2019-11-07,"before",16.42249,14,107,364233,"Thursday","on",0,0,0,0,0,34.2499999999999,10.71473684,5.693684211,16.88736842,0.117578947,0.017894737,5.104255319,2.108510638,36.76842105,65.26808511,0,0,36.8087012534985,"comfy"
"551",2019-11-08,"before",15.42922,23,142,422279,"Friday","on",0,0,0,0,0,33.3600000000001,7.903157895,2.573684211,15.22736842,0.110526316,0.036842105,4.027659574,1.717021277,27.45263158,59.87684211,0,0,35.3948389696217,"comfy"
"552",2019-11-09,"before",13.21686,1,100,841820,"Saturday","off",0,0,0,0,0,32.7857142857144,8.498947368,1.749473684,17.12526316,0.144736842,0.248421053,3.904255319,1.412765957,27.78947368,61.32736842,0,0,35.6549360734602,"comfy"
"553",2019-11-10,"before",13.83855,0,94,771783,"Sunday","off",0,0,0,0,0,30.6666666666667,9.488297872,3.069473684,15.91684211,0.602421053,7.611578947,6.10106383,1.638297872,41.37894737,72.72021277,0,0,39.4556212063121,"comfy"
"554",2019-11-11,"before",17.00395,1,97,263105,"Monday","on",0,0,0,0,0,25,12.04680851,7.757894737,16.86382979,0.472315789,0.963157895,5.726595745,2.55106383,51.14893617,72.5212766,0,0,40.3173472517243,"comfy"
"555",2019-11-12,"before",17.07037,1,114,227478,"Tuesday","on",0,0,0,0,0,28.8461538461537,9.623157895,4.814736842,16.46736842,0.047894737,0.010526316,3.274468085,1.154255319,40.43157895,74.43473684,0,0,40.1230468730489,"comfy"
"556",2019-11-13,"before",17.19942,9,114,336607,"Wednesday","on",0,0,0,0,0,27.2592592592593,9.074736842,3.806315789,14.00210526,0.666105263,2.628421053,6.566315789,2.013684211,45.61052632,74.96421053,0,0,40.0437994537998,"comfy"
"557",2019-11-14,"before",15.50741,15,114,343455,"Thursday","on",0,0,0,0,0,20,3.858947368,-0.585263158,8.975789474,0.055578947,0.027368421,6.522105263,2.937894737,25.09473684,45.19052632,0,0,35.7326258217474,"comfy"
"558",2019-11-15,"before",16.22057,5,132,393325,"Friday","on",0,0,0,0,0,30.2307692307691,7.177894737,-0.997894737,13.76736842,0.848210526,2.771578947,4.644210526,1.814736842,42.8,70.28526316,0.003157895,0.003157895,38.0250544163171,"comfy"
"559",2019-11-16,"before",13.08895,0,116,742774,"Saturday","off",0,0,0,0,0,33.2857142857144,10.36947368,5.321052632,17.09894737,0.082947368,0.313684211,3.482978723,1.223404255,51.24210526,80.11473684,0,0,42.734710253851,"comfy"
"560",2019-11-17,"before",15.97273,1,112,687632,"Sunday","off",0,0,0,0,0,29.8461538461539,11.48105263,6.401052632,15.83263158,1.794105263,17.15789474,5.211578947,1.834042553,70.50526316,87.06315789,0,0,46.7552456276399,"comfy"
"561",2019-11-18,"before",21.28293,5,132,267827,"Monday","on",0,0,0,0,0,63.1481481481483,8.809473684,3.525263158,16.56736842,1.457789474,12.38,7.677894737,3.88,44.48421053,65.13368421,0,0,36.7941449629955,"comfy"
"562",2019-11-19,"before",19.07892,2,147,243251,"Tuesday","on",0,0,0,0,0,25.9999999999999,3.866315789,0.802105263,7.153684211,0.422105263,0.071578947,6.254736842,3.002105263,39.10526316,57.03684211,0,0,36.423897658385,"comfy"
"563",2019-11-20,"before",18.0773,3,132,257533,"Wednesday","on",0,0,0,0,0,19.925925925926,2.764210526,-1.855789474,8.907368421,0.068631579,0.002105263,4.097894737,1.64,25.49473684,55.08210526,0,0,36.9113463580629,"comfy"
"564",2019-11-21,"before",16.59101,15,109,744472,"Thursday","on",0,0,0,0,0,29.148148148148,5.224210526,-2.316842105,12.43052632,0,0,3.287368421,1.275789474,25.95789474,56.9,0,0,35.8020874475111,"comfy"
"565",2019-11-22,"before",15.4167,10,120,800290,"Friday","on",0,0,0,0,0,32.1481481481481,9.445263158,3.009473684,17.48631579,0,0,3.472631579,1.34787234,39.28421053,66.49789474,0,0,37.2584832590068,"comfy"
"566",2019-11-23,"before",13.32844,0,109,1900700,"Saturday","off",0,0,0,0,0,25.1785714285713,10.85473684,4.662105263,18.28736842,0.105473684,0.02,3.407368421,1.218947368,48.17894737,76.27578947,0,0,41.4756651762049,"comfy"
"567",2019-11-24,"before",14.69936,0,100,1753209,"Sunday","off",0,0,0,0,0,26.1111111111111,12.75684211,7.643157895,19.30842105,0.866,1.293684211,5.841052632,1.789473684,56.85263158,79.36421053,0,0,44.1585513948215,"comfy"
"568",2019-11-25,"before",18.10539,6,106,472924,"Monday","on",0,0,0,0,0,20.0434782608696,6.011702128,3.453684211,10.81684211,0.588947368,2.672631579,6.066315789,2.877659574,54.28421053,69.98723404,0,0,37.6855363430101,"comfy"
"569",2019-11-26,"before",18.38853,5,110,451804,"Tuesday","on",0,0,0,0,0,20.7272727272727,7.80212766,2.625531915,13.48736842,0.385894737,0.406315789,3.648421053,1.458510638,49.15789474,73.40106383,0,0,39.0041242142417,"comfy"
"570",2019-11-27,"before",18.0644,11,122,852952,"Wednesday","on",0,0,0,0,0,25.6428571428571,6.35212766,2.811578947,9.822105263,0.541578947,1.106315789,4.875789474,2.270526316,43.91578947,65.33297872,0,0,36.8852755671996,"comfy"
"571",2019-11-28,"before",26.94801,17,126,454262,"Thursday","on",0,0,0,0,0,27.8695652173913,4.958947368,0.618947368,10.56526316,0.691368421,2.426315789,4.285263158,1.887368421,51.35789474,72.50842105,0,0,37.7341954890151,"comfy"
"572",2019-11-29,"before",17.73951,5,123,620405,"Friday","on",0,0,0,0,0,22.48,3.582978723,-0.867368421,9.925263158,0.185263158,0.210526316,4.18,1.652631579,25.72631579,62.63404255,0,0,36.7973888727136,"comfy"
"573",2019-11-30,"before",14.7506,0,125,1481281,"Saturday","off",0,0,0,0,0,26.8461538461538,5.568085106,-1.506315789,12.81894737,0.270421053,0.210526316,3.444210526,1.122105263,35.91578947,63.77765957,0,0,36.6640937425841,"comfy"
"574",2019-12-01,"before",16.28661,0,104,1240520,"Sunday","off",0,0,0,0,0,26.851851851852,6.364210526,4.76,8.381052632,3.796947368,13.46631579,4.032631579,1.353684211,58.51578947,84.38947368,0,0,40.496915893628,"comfy"
"575",2019-12-02,"before",18.992,3,120,330882,"Monday","on",0,0,0,0,0,18.5,3.760638298,0.416842105,7.013684211,0.421789474,0.197894737,6.778947368,3.447368421,36.94736842,57.85957447,0,0,36.5149163592635,"comfy"
"576",2019-12-03,"before",18.45798,2,121,331700,"Tuesday","on",0,0,0,0,0,19.7142857142857,2.413829787,-2.383157895,6.778947368,0.594947368,0.291578947,4.697894737,1.828421053,44.72631579,66.95851064,0.005263158,0.005263158,36.9025478386254,"comfy"
"577",2019-12-04,"before",17.45713,8,120,370733,"Wednesday","on",0,0,0,0,0,24.8148148148147,4.141052632,-0.3,9.470526316,0.205578947,0.096842105,4.670526316,1.653684211,34.05263158,62.65578947,0,0,36.7139500101923,"comfy"
"578",2019-12-05,"before",17.32391,11,115,363027,"Thursday","on",0,0,0,0,0,18.9642857142858,0.470526316,-4.044210526,4.957894737,0.275684211,0.046315789,6.191578947,2.817894737,26.65263158,49.27473684,0.021052632,0.021052632,38.8535794053334,"comfy"
"579",2019-12-06,"before",16.4316,17,119,469967,"Friday","on",0,0,0,0,0,20.6538461538461,-2.927368421,-7.229473684,2.48,0.112210526,0.030526316,4.555789474,2.114736842,24.10526316,46.81473684,0.029473684,0.04,42.4711814005715,"comfy"
"580",2019-12-07,"before",14.04161,0,104,1007099,"Saturday","off",0,0,0,0,0,29.7142857142856,0.380851064,-5.967368421,6.110526316,0.199894737,0.045263158,4.478947368,1.817894737,42.29473684,62.53723404,0.009473684,0.009473684,37.297218331546,"comfy"
"581",2019-12-08,"before",15.13773,0,102,875685,"Sunday","off",0,0,0,0,0,34.0357142857144,1.44516129,-3.276344086,7.99893617,0.020210526,0,3.355913978,1.337634409,37.93617021,68.23010753,0,0,36.7454506136882,"comfy"
"582",2019-12-09,"before",17.89094,11,105,269826,"Monday","on",0,0,0,0,0,43.1923076923076,3.074193548,-3.360638298,10.04,0.079684211,0.138947368,3.45212766,1.306382979,44.66315789,70.7827957,0,0,37.0185480366804,"comfy"
"583",2019-12-10,"before",18.01771,8,117,302332,"Tuesday","on",0,0,0,0,0,65.8461538461542,6.671578947,1.653684211,13.41157895,0.104,0.365263158,3.649473684,1.298947368,55.84210526,79.20631579,0,0,39.7338685682664,"comfy"
"584",2019-12-11,"before",17.77784,7,119,383340,"Wednesday","on",0,0,0,0,0,52.4444444444446,7.165957447,2.042105263,13.52842105,0.131157895,0.203157895,6.748421053,2.824210526,43.93684211,68.82659574,0,0,37.6845343946037,"comfy"
"585",2019-12-12,"before",16.76522,26,122,346764,"Thursday","on",0,0,0,0,0,16.4074074074075,1.905263158,-2.191578947,6.234736842,0.035052632,0.004210526,5.261052632,2.307368421,27.03157895,49.16947368,0,0,37.6380600527244,"comfy"
"586",2019-12-13,"before",17.06392,5,127,454128,"Friday","on",0,0,0,0,0,22.5185185185186,1.74,-4.389473684,8.336842105,0.142947368,0.156842105,3.297894737,1.243157895,28.58947368,58.13368421,0,0,37.3126070579222,"comfy"
"587",2019-12-14,"before",14.74035,0,111,910663,"Saturday","off",0,0,0,0,0,29.9285714285715,4.094736842,-0.107368421,9.016842105,0.277684211,0.425263158,5.128723404,2.043617021,34.38947368,62.44526316,0.009473684,0.009473684,36.7060177370086,"comfy"
"588",2019-12-15,"before",15.44175,0,112,776327,"Sunday","off",0,0,0,0,0,27.6296296296296,4.824210526,-1.414736842,12.44421053,0.110526316,0.007368421,3.277894737,1.195789474,45.43157895,70.31052632,0,0,37.4454965003807,"comfy"
"589",2019-12-16,"before",19.99628,4,126,257496,"Monday","on",0,0,0,0,0,28.1785714285714,7.106315789,1.289473684,14.03578947,0.091578947,0.063157895,2.976842105,1.141052632,48.90526316,74.23789474,0,0,38.9097509794533,"comfy"
"590",2019-12-17,"before",19.52185,7,124,285265,"Tuesday","on",0,0,0,0,0,24.9285714285715,8.36,3.846315789,12.58210526,1.112842105,2.537894737,4.965263158,1.864210526,69.83157895,84.61368421,0,0,42.5273465577401,"comfy"
"591",2019-12-18,"before",18.81779,10,118,427214,"Wednesday","on",0,0,0,0,0,26.5555555555555,4.725263158,1.866315789,8.609473684,0.278105263,0.330526316,4.744210526,2.496842105,51.34736842,69.63263158,0,0,37.3504559422371,"comfy"
"592",2019-12-19,"before",18.26517,14,113,715179,"Thursday","on",0,0,0,0,0,20.4285714285713,2.411578947,-0.925263158,6.926315789,0.157368421,0.090526316,5.458510638,2.554255319,29.21052632,53.59368421,0,0,37.1295174423444,"comfy"
"593",2019-12-20,"before",17.19448,5,125,737469,"Friday","on",0,0,0,0,0,23.4814814814816,1.224731183,-2.753684211,5.690425532,0.220736842,0.073684211,4.514893617,1.7,39.30851064,60.57849462,0.001052632,0.001052632,37.3191223721863,"comfy"
"594",2019-12-21,"before",16.55495,2,115,1452151,"Saturday","off",0,0,0,0,0,29.2857142857144,0.432631579,-3.771578947,4.8,0.149157895,0.04,3.431914894,1.291489362,44.65263158,67.91368421,0,0,36.6417688316488,"comfy"
"595",2019-12-22,"before",16.21867,2,113,1407618,"Sunday","off",0,0,0,0,0,40.6071428571428,3,-1.085263158,8.906315789,0.321789474,0.391578947,3.212765957,1.132978723,48.05263158,72.10210526,0,0,37.016403947325,"comfy"
"596",2019-12-23,"before",23.04705,9,122,519900,"Monday","on",0,0,0,0,0,36.9999999999998,3.82,-0.994736842,8.782105263,0.418,0.746315789,4.768421053,1.813684211,51.23157895,74.15368421,0.005263158,0.005263158,37.4132277578649,"comfy"
"597",2019-12-24,"before",17.53911,11,125,995850,"Tuesday","on",0,0,0,0,0,38.4074074074075,2.137894737,-1.895789474,8.843157895,0.083473684,0.022105263,3.187368421,1.197894737,38.85263158,71.72315789,0,0,36.7331343001992,"comfy"
"598",2019-12-25,"before",14.79311,1,104,2010648,"Wednesday","off",0,0,0,0,0,33.8846153846155,3.727368421,-2.883157895,11.04105263,0.073894737,0.010526316,3.544210526,1.155789474,30.73684211,63.45473684,0,0,36.8178630630547,"comfy"
"599",2019-12-26,"before",18.90812,7,121,834714,"Thursday","on",0,0,0,0,0,32.4999999999999,3.761052632,1.414736842,6.216842105,1.53,1.737894737,5.861052632,2.258947368,49.45263158,70.07578947,0,0,37.1685006104287,"comfy"
"600",2019-12-27,"before",17.40475,12,116,604401,"Friday","on",0,0,0,0,0,23.0357142857143,0.706315789,-3.02,5.086315789,0.249894737,0.078947368,5.775789474,2.593684211,32.36842105,54.98421053,0.001052632,0.001052632,38.0473186051338,"comfy"
"601",2019-12-28,"before",14.53388,0,104,1145694,"Saturday","off",0,0,0,0,0,33,0.622105263,-4.743157895,7.457894737,0.111473684,0.010526316,3.007368421,1.096842105,35.96842105,62.10421053,0,0,37.3070847312003,"comfy"
"602",2019-12-29,"before",16.07483,0,99,1116317,"Sunday","off",0,0,0,0,0,34.6785714285714,2.853684211,-2.257894737,6.888421053,2.035894737,7.016842105,3.485263158,1.34,48.64210526,75.74947368,0,0,36.9885821160162,"comfy"
"603",2019-12-30,"before",19.68201,1,103,618654,"Monday","on",0,0,0,0,0,24.3846153846153,5.130526316,0.336842105,9.904210526,0.922315789,0.753684211,6.617894737,2.275789474,51.69473684,80.40315789,0.001052632,0.001052632,38.7839703258867,"comfy"
"604",2019-12-31,"before",17.94901,3,99,903057,"Tuesday","on",0,0,0,0,0,19.6071428571429,-3.544210526,-6.306315789,0.846315789,0.755684211,0.16,7.551578947,3.730526316,32.17894737,47.68421053,0.111578947,0.112631579,42.7896784195487,"comfy"
"605",2020-01-01,"before",16.54774,6,78,1345335,"Wednesday","off",0,0,0,0,0,22.4999999999999,-0.792631579,-6.141052632,4.009473684,0.365894737,0.009473684,4.493684211,1.937894737,43.09473684,63.49473684,0.003157895,0.108421053,37.3053812635518,"comfy"
"606",2020-01-02,"before",20.52953,3,81,406464,"Thursday","on",0,0,0,0,0,42.4642857142858,1.598947368,-2.728421053,6.434736842,0,0,4.251578947,1.678947368,50.89473684,70.05578947,0,0.057894737,36.6584383001199,"comfy"
"607",2020-01-03,"before",18.58058,28,110,400809,"Friday","on",0,0,0,0,0,47.888888888889,2.228421053,-1.907368421,7.7,0,0,4.562105263,1.863157895,40.53684211,66.08842105,0,0,36.9120189895539,"comfy"
"608",2020-01-04,"before",15.47287,1,79,793213,"Saturday","off",0,0,0,0,0,40.2857142857143,1.653684211,-3.210526316,8.021052632,0.023473684,0.015789474,4.853684211,1.766315789,41.29473684,65.77684211,0,0,36.9134911997375,"comfy"
"609",2020-01-05,"before",15.56624,0,81,677940,"Sunday","off",0,0,0,0,0,35.5357142857143,1.588297872,-4.401052632,8.752631579,0.062105263,0.049473684,2.871578947,1.037894737,29.83157895,63.06808511,0,0,37.0752734233219,"comfy"
"610",2020-01-06,"before",20.12836,12,99,246762,"Monday","on",0,0,0,0,0,28.8,3.857894737,-0.227368421,6.353684211,3.341157895,9.134736842,3.616842105,1.476842105,57.05263158,82.62315789,0.004210526,0.004210526,37.9263619998634,"comfy"
"611",2020-01-07,"before",19.75678,3,90,253131,"Tuesday","on",0,0,0,0,0,15,9.132631579,5.212631579,13.74947368,4.816842105,40.03368421,7.254736842,2.347368421,83.83157895,95.06842105,0,0,46.7907017886754,"comfy"
"612",2020-01-08,"before",20.10558,5,83,354908,"Wednesday","on",0,0,0,0,0,28.7727272727273,5.368421053,3.096842105,11.32,1.978631579,4.38,8.616842105,4.269473684,66.12631579,78.69368421,0,0,38.7335394738649,"comfy"
"613",2020-01-09,"before",46.13624,14,83,300311,"Thursday","on",0,0,0,0,0,33.1428571428573,2.089473684,-0.938947368,5.487368421,0.058736842,0.012631579,5.232631579,2.628421053,48.21052632,66.73578947,0,0,36.8862145527432,"comfy"
"614",2020-01-10,"before",18.77376,6,89,342089,"Friday","on",0,0,0,0,0,36.2857142857142,1.215789474,-3.282105263,7.603157895,0,0,3.638947368,1.390526316,36.71578947,69.18210526,0,0,36.637673237153,"comfy"
"615",2020-01-11,"before",14.89938,0,93,752957,"Saturday","off",0,0,0,0,0,36.6785714285713,2.047368421,-2.109473684,7.072631579,0.022,0.003157895,4.389361702,1.817021277,42.52631579,65.18421053,0,0,36.9395019735525,"comfy"
"616",2020-01-12,"before",15.75601,1,91,676956,"Sunday","off",0,0,0,0,0,30.1481481481481,1.862105263,-0.506315789,5.157894737,0.185052632,0.117894737,5.495744681,2.637234043,44.01052632,61.94210526,0,0,37.0912255528057,"comfy"
"617",2020-01-13,"before",19.70744,4,84,214081,"Monday","on",0,0,0,0,0,18.5,0.574736842,-2.518947368,4.185263158,0.190947368,0.057894737,5.526315789,2.527368421,39.75789474,58.46421053,0,0,37.7268244522543,"comfy"
"618",2020-01-14,"before",18.71266,4,99,210459,"Tuesday","on",0,0,0,0,0,22.7307692307693,-0.188421053,-3.631578947,4.642105263,0.503157895,0.54,4.152631579,1.615789474,35.50526316,58.33684211,0.105263158,0.105263158,38.0288474730991,"comfy"
"619",2020-01-15,"before",17.84692,5,92,295403,"Wednesday","on",0,0,0,0,0,24.8148148148147,-0.7,-4.793684211,4.386315789,0.074,0.012631579,4.514736842,1.829473684,35.75789474,60.36842105,0.006315789,0.105263158,37.8568407899462,"comfy"
"620",2020-01-16,"before",17.98355,12,89,271525,"Thursday","on",0,0,0,0,0,26.3214285714285,-0.068421053,-4.509473684,5.776842105,0,0,3.749473684,1.529473684,26.83157895,54.81157895,0,0.077894737,38.5003349208736,"comfy"
"621",2020-01-17,"before",16.6301,6,88,294838,"Friday","on",0,0,0,0,0,33.1071428571428,1.008421053,-3.053684211,6.887368421,0.141052632,0.245263158,3.645263158,1.544210526,31.50526316,57.35157895,0,0.027368421,37.6667367996045,"comfy"
"622",2020-01-18,"before",13.52543,0,93,632572,"Saturday","off",0,0,0,0,0,34.9629629629629,1.521276596,-2.885263158,7.372631579,0.350315789,0.542105263,4.466315789,1.868421053,32.42105263,61.11808511,0,0,37.2078165145369,"comfy"
"623",2020-01-19,"before",14.20937,0,87,566770,"Sunday","off",0,0,0,0,0,53.5185185185183,2.334736842,-2.123157895,7.057894737,0.192736842,0.081052632,5.325263158,1.996842105,48.21052632,66.05684211,0.006315789,0.006315789,36.9156720630556,"comfy"
"624",2020-01-20,"after",17.57023,1,86,196043,"Monday","on",1,0,1,1,0,44.3703703703706,2.667368421,-1.231578947,7.050526316,0.054421053,0.005263158,5.968421053,2.596842105,34.49473684,56.94105263,0,0,36.9575671368715,"comfy"
"625",2020-01-21,"after",17.26773,3,105,188893,"Tuesday","on",1,0,1,0,0,29.3928571428573,0.869473684,-4.554736842,7.156842105,0.065789474,0.014736842,4.047368421,1.5,24.02105263,52.37368421,0.008421053,0.008421053,38.2119522633542,"comfy"
"626",2020-01-22,"after",15.92756,15,96,461984,"Wednesday","on",1,0,1,0,0,30.3571428571429,3.390526316,0.255789474,6.137894737,2.024105263,5.750526316,3.017894737,1.106315789,45.24210526,69.77263158,0,0,37.0705316000824,"comfy"
"627",2020-01-23,"after",13.60741,12,90,614217,"Thursday","on",1,0,1,0,0,35.9285714285714,5.512765957,2.162105263,10.31684211,1.012947368,1.826315789,3.618947368,1.435789474,58.65263158,79.34893617,0,0,38.9277066836669,"comfy"
"628",2020-01-24,"after",10.17671,1,76,989632,"Friday","off",2,0,2,1,0,45.4444444444443,4.637894737,0.133684211,10.62,0.306210526,0.831578947,4.017894737,1.609473684,41.28421053,73.97368421,0,0,37.7630165789646,"comfy"
"629",2020-01-25,"after",9.18686,0,73,1274066,"Saturday","off",2,0,2,0,0,32.0000000000001,5.186315789,1.768421053,9.432631579,0.128526316,0.205263158,2.936842105,1.214736842,59.4,78.41578947,0,0,38.5729132360522,"comfy"
"630",2020-01-26,"after",14.20709,0,87,1455824,"Sunday","off",3,0,3,1,0,25.7391304347827,6.104210526,1.178947368,10.62736842,0.455789474,0.827368421,5.450526316,2.267368421,51.64210526,73.01578947,0,0,38.2398420255444,"comfy"
"631",2020-01-27,"after",16.01144,2,83,1228548,"Monday","off",4,0,4,1,0,11.2105263157894,5.892631579,4.198947368,8.012631579,3.497578947,16.64842105,6.366315789,3.517894737,61.17894737,78.69473684,0,0,39.093711999689,"comfy"
"632",2020-01-28,"after",18.25607,2,92,378004,"Tuesday","on",4,0,4,0,0,12.8400000000001,6.594736842,3.4,10.27894737,0.988421053,1.381052632,4.571578947,2.147368421,56.03157895,75.15263158,0,0,38.8619180264752,"comfy"
"633",2020-01-29,"after",18.65307,6,94,460250,"Wednesday","on",4,0,4,0,0,17.3333333333334,5.607368421,2.66,9.498947368,0.617473684,0.924210526,3.933684211,1.624210526,53.46315789,74.47894737,0,0,38.2654880791596,"comfy"
"634",2020-01-30,"after",18.2815,7,94,273231,"Thursday","on",6,0,6,2,0,24.4800000000001,4.538297872,1.215789474,8.945263158,0.384736842,0.858947368,4.498947368,1.911578947,46.51578947,72.16808511,0.005263158,0.005263158,37.5492275726537,"comfy"
"635",2020-01-31,"after",16.66312,6,95,286480,"Friday","on",11,0,11,0,0,28.8846153846153,3.224210526,-0.425263158,7.871578947,0.125684211,0.053684211,4.317894737,1.687368421,46,71.98421053,0.003157895,0.005263158,37.0901568684087,"comfy"
"636",2020-02-01,"after",14.94948,28,113,460232,"Saturday","off",12,0,12,1,0,54.2222222222223,2.653684211,-2.175789474,8.084210526,0.034210526,0.002105263,4.606315789,1.72,48.35789474,71.71263158,0,0.001052632,36.8995401948848,"comfy"
"637",2020-02-02,"after",15.1662,0,80,363336,"Sunday","off",15,0,15,3,0,53.1785714285717,2.504210526,-1.991578947,8.12,0.057894737,0.007368421,3.94,1.465263158,36.90526316,67.06631579,0.003157895,0.003157895,36.907887878916,"comfy"
"638",2020-02-03,"after",20.53864,5,90,139331,"Monday","on",17,0,17,2,0,26.4642857142856,1.644210526,-2.393684211,6.074736842,0.254,0.022105263,5.509473684,2.413684211,33.31578947,56.60842105,0.004210526,0.007368421,37.4368041897715,"comfy"
"639",2020-02-04,"after",19.82928,2,86,123217,"Tuesday","on",17,0,17,0,0,24.0714285714285,0.531578947,-5.5,6.630526316,0.486526316,0.26,4.842105263,1.921052632,28.05263158,57.20736842,0.044210526,0.044210526,37.8876230792293,"comfy"
"640",2020-02-05,"after",18.59804,10,87,235543,"Wednesday","on",19,0,18,2,0,19.6538461538461,-3.082105263,-6.694736842,1.470526316,0.443684211,0.342105263,6.30106383,3.429787234,26.21052632,45.14736842,0.277894737,0.373684211,43.1296046317307,"comfy"
"641",2020-02-06,"after",17.91979,11,86,210771,"Thursday","on",23,0,22,4,0,22.4444444444445,-3.636842105,-9.346315789,2.251578947,0.213157895,0.051578947,4.051578947,1.689473684,24.87368421,50.31789474,0.047368421,0.316842105,41.9990673145284,"comfy"
"642",2020-02-07,"after",17.01875,9,83,224829,"Friday","on",24,0,22,1,0,29.3703703703704,0.064210526,-5.827368421,5.563157895,0.109263158,0.003157895,4.912631579,1.842105263,26.77894737,54.60526316,0,0.285263158,38.4547269735708,"comfy"
"643",2020-02-08,"after",13.95204,1,82,426888,"Saturday","off",24,0,22,0,0,35.0714285714285,1.664210526,-2.065263158,6.011578947,0.233789474,0.3,5.928421053,2.817894737,34.29473684,56.15578947,0.069473684,0.098947368,37.4528277266773,"comfy"
"644",2020-02-09,"after",15.1495,0,78,398499,"Sunday","off",27,0,24,3,0,30.3214285714285,0.616842105,-5.214736842,6.373684211,0.042947368,0.027368421,5.022105263,1.988421053,30.58947368,57.45263158,0,0.098947368,37.8232877894684,"comfy"
"645",2020-02-10,"after",19.31386,2,78,168615,"Monday","on",27,0,24,0,0,50.2142857142859,4.050526316,-1.649473684,11.07157895,0.131894737,0.002105263,4.46,1.650526316,30.84210526,61.20842105,0.002105263,0.027368421,36.6282933892453,"comfy"
"646",2020-02-11,"after",19.28843,7,90,174618,"Tuesday","on",28,0,24,1,0,47.5714285714285,5.697894737,-2.683157895,13.50842105,0.243894737,0.151578947,3.601052632,1.274736842,30.41052632,60.13368421,0,0.002105263,36.0882934788212,"comfy"
"647",2020-02-12,"after",19.72224,7,80,306253,"Wednesday","on",28,0,21,0,0,34.2,7.921052632,5.348421053,10.45263158,3.721684211,13.50210526,4.069473684,1.483157895,61.64210526,88.95157895,0,0,43.2651536854382,"comfy"
"648",2020-02-13,"after",20.70906,5,70,295599,"Thursday","on",28,0,21,0,0,30.4400000000001,8.270212766,3.937894737,12.76105263,0.204315789,0.091578947,4.033684211,1.603157895,60.91578947,83.87021277,0,0,42.2229612019791,"comfy"
"649",2020-02-14,"after",18.58969,5,81,359516,"Friday","on",28,0,21,0,0,45.1153846153845,8.155319149,3.441052632,15.91473684,0,0,3.216842105,1.130526316,38.50526316,77.20531915,0,0,40.226048699412,"comfy"
"650",2020-02-15,"after",14.85383,0,86,630258,"Saturday","off",28,0,19,0,0,43.6666666666666,9.623157895,3.562105263,16.10526316,0.862,1.484210526,4.629473684,1.724210526,46.64210526,77.90736842,0.043157895,0.043157895,41.3725344418964,"comfy"
"651",2020-02-16,"after",15.1271,0,76,582285,"Sunday","off",29,0,20,1,0,24.1111111111111,2.068421053,-1.783157895,8.405263158,3.511578947,6.509473684,7.692631579,4.063157895,56.05263158,76.94842105,0.341052632,0.375789474,36.528234289785,"comfy"
"652",2020-02-17,"after",20.69426,1,72,219661,"Monday","on",30,0,20,1,0,23.75,-2.691489362,-4.755789474,-0.182105263,3.017789474,2.210526316,7.396842105,4.251578947,49.41052632,66.59680851,1.256842105,1.481052632,36.6294770118216,"comfy"
"653",2020-02-18,"after",20.59558,8,88,227242,"Tuesday","on",31,0,19,1,0,20.6923076923076,-1.204210526,-6.095789474,4.244210526,0.458421053,0.337894737,5.487368421,2.642105263,33.97894737,56.72842105,0.362105263,1.555789474,38.74290458987,"comfy"
"654",2020-02-19,"after",18.48379,6,77,286760,"Wednesday","on",51,0,35,20,0,23.8888888888888,2.445263158,-4.045263158,9.354736842,0,0,3.765263158,1.424210526,36.84210526,62.46315789,0,1.178947368,36.9733474737394,"comfy"
"655",2020-02-20,"after",17.71256,8,85,223005,"Thursday","on",103,1,85,53,1,34.5714285714285,4.991489362,-0.832631579,12.37578947,0,0,3.334736842,1.204255319,33.84210526,66.51702128,0,0.564210526,37.0402078569122,"comfy"
"656",2020-02-21,"after",17.09087,5,76,196329,"Friday","on",203,1,185,100,0,37.8571428571429,7.143157895,-0.284210526,14.04,0.922421053,1.758947368,4.530526316,1.507368421,37.62105263,69.96210526,0,0.336842105,37.9420597045968,"comfy"
"657",2020-02-22,"after",14.85269,0,74,293303,"Saturday","off",431,2,411,229,1,59.75,6.461052632,2.191578947,10.19263158,0.562736842,1.473684211,7.892631579,3.905263158,31.98947368,58.11684211,0,0.211578947,35.4798510428635,"comfy"
"658",2020-02-23,"after",14.02073,0,67,212834,"Sunday","off",597,5,574,169,3,22.4999999999999,3.589473684,-1.617894737,9.650526316,0,0,4.873684211,2.070526316,28.01052632,52.79368421,0,0.017894737,36.3580112632748,"comfy"
"659",2020-02-24,"after",18.69748,1,69,77118,"Monday","on",826,7,797,231,2,27.4642857142857,7.265263158,-1.208421053,14.83052632,0.147684211,0.250526316,4.16,1.52,27.25263158,58.05157895,0,0,35.1520577795288,"comfy"
"660",2020-02-25,"after",20.05359,4,69,76179,"Tuesday","on",967,10,935,144,3,18.5263157894737,7.878947368,5.881052632,10.52315789,3.741157895,25.46421053,4.986315789,2.150526316,65.60631579,91.61263158,0,0,43.928629052341,"comfy"
"661",2020-02-26,"after",20.04258,8,79,131356,"Wednesday","on",1249,12,1213,284,2,17.7391304347826,7.105263158,3.16,11.92631579,0.704526316,1.313684211,4.72,1.965263158,59.04210526,80.15894737,0.002105263,0.002105263,40.2607534214934,"comfy"
"662",2020-02-27,"after",19.63685,15,73,83374,"Thursday","on",1753,13,1714,505,1,21.5000000000001,5.293617021,1.232631579,10.28421053,0.310421053,0.125263158,4.005263158,1.705263158,44.63157895,71.57765957,0,0,37.7315278490217,"comfy"
"663",2020-02-28,"after",19.35561,2,64,89312,"Friday","on",2324,13,2285,571,0,19.0384615384616,4.568085106,1.777894737,6.823157895,1.832105263,2.683157895,3.438947368,1.330526316,67.92631579,85.64148936,0,0,38.8486957605261,"comfy"
"664",2020-02-29,"after",16.37505,0,69,156107,"Saturday","off",3133,17,3088,813,4,18.5599999999999,6.804210526,3.025263158,12.01684211,0.398947368,0.590526316,3.6,1.378947368,55.70526316,81.74736842,0,0,40.3685296837196,"comfy"
"665",2020-03-01,"after",17.3258,0,61,130900,"Sunday","off",3718,18,3670,586,1,28.8928571428572,6.914736842,2.121052632,11.95368421,0.347894737,0.185263158,4.946315789,1.661052632,58.67368421,79.67578947,0,0,40.0098527780654,"comfy"
"666",2020-03-02,"after",22.93546,30,83,63441,"Monday","on",4190,22,4137,476,4,31.8148148148149,5.256382979,1.821052632,9.750526316,0.213157895,0.126315789,6.012631579,2.930526316,33.75789474,58.60744681,0,0,36.0123248640047,"comfy"
"667",2020-03-03,"after",26.43258,4,55,60084,"Tuesday","on",4784,28,4159,600,6,29.2142857142856,6.128421053,0.187368421,12.16,0.074631579,0.047368421,4.629473684,1.706315789,47.33684211,70.33157895,0,0,37.7736170005584,"comfy"
"668",2020-03-04,"after",25.08824,5,60,61515,"Wednesday","on",5296,32,4750,516,4,31.4642857142859,4.336842105,0.394736842,8.607368421,0.331473684,0.066315789,7.843157895,3.874736842,30.44210526,56.02315789,0.031578947,0.031578947,36.1298517892087,"comfy"
"669",2020-03-05,"after",24.87494,8,70,65692,"Thursday","on",5731,35,5255,438,3,33.037037037037,2.447368421,-2.214736842,8.325263158,0.090210526,0.027368421,5.48,2.478947368,28.16842105,52.97368421,0.014736842,0.046315789,37.1165361842531,"comfy"
"670",2020-03-06,"after",22.83299,3,73,68790,"Friday","on",6242,42,5643,518,7,29.4642857142858,3.901052632,-3.809473684,11.92631579,0,0,3.651578947,1.311578947,20.96842105,55.28315789,0,0,36.3017692310649,"comfy"
"671",2020-03-07,"after",18.56729,6,83,123977,"Saturday","off",6723,44,6134,483,2,32.5714285714286,5.442105263,0.815789474,10.50736842,0.810105263,2.32,3.172631579,1.108421053,47.55789474,72.87263158,0,0,37.9613359474568,"comfy"
"672",2020-03-08,"after",17.50267,0,70,106888,"Sunday","off",7084,50,6605,367,6,35.5925925925925,7.581052632,0.601052632,16.04315789,0,0,3.867368421,1.4,35.95789474,70.59684211,0,0,38.2036614434152,"comfy"
"673",2020-03-09,"after",25.55698,2,77,51615,"Monday","on",7331,51,6954,248,1,36.5555555555555,8.737894737,1.832631579,14.69473684,1.128315789,4.447368421,3.733684211,1.42,47.87368421,75.04421053,0,0,39.9031979591283,"comfy"
"674",2020-03-10,"after",28.26275,1,80,51426,"Tuesday","on",7459,54,7165,131,3,26.5454545454545,7.426315789,4.506315789,9.982105263,3.200210526,9.238947368,6.438947368,3.003191489,60.25263158,84.28947368,0,0,41.5178967090308,"comfy"
"675",2020-03-11,"after",26.14869,6,86,57005,"Wednesday","on",7695,60,7212,242,6,29.3928571428573,4.873684211,0.532631579,9.688421053,0.023684211,0.042105263,6.536842105,3.252631579,26.38947368,49.12,0,0,35.0918795785407,"comfy"
"676",2020-03-12,"after",25.54331,10,87,50020,"Thursday","on",7803,66,7407,114,6,30.607142857143,6.727368421,-1.483157895,14.73368421,0.014,0.001052632,5.28,1.963157895,20.82105263,52.53052632,0,0,34.2116405482821,"comfy"
"677",2020-03-13,"after",23.67102,0,85,52613,"Friday","on",7912,67,7470,110,1,27,7.167368421,1.715789474,13.12315789,0.059157895,0.015789474,5.717894737,2.452631579,22.05263158,51.82210526,0,0,33.7483214150962,"comfy"
"678",2020-03-14,"after",19.29488,0,92,102319,"Saturday","off",8014,72,7402,107,5,30.5000000000001,5.144210526,-0.704210526,10.18631579,0.09,0.028421053,6.382105263,3.068421053,22.78947368,44.99578947,0,0,34.3408743261915,"comfy"
"679",2020-03-15,"after",21.08329,0,92,89076,"Sunday","off",8087,75,7300,76,3,34.5384615384616,5.437894737,0.645263158,11.29473684,0.176842105,0.364210526,8.823157895,3.913684211,24.16842105,52.15368421,0.038947368,0.038947368,35.0356599787626,"comfy"
"680",2020-03-16,"after",36.62031,3,89,36445,"Monday","on",8161,75,7253,74,0,21.8214285714285,4.394736842,-1.667368421,10.42,0.097894737,0.326315789,5.884210526,2.430526316,23.35789474,51.07578947,0.036842105,0.073684211,35.6724665787078,"comfy"
"681",2020-03-17,"after",36.83247,1,94,36837,"Tuesday","on",8239,81,7024,84,6,35.9259259259259,7.618947368,0.866315789,13.95368421,0.086842105,0.114736842,6.355789474,2.591578947,40.46315789,65.96105263,0,0,37.0311101785356,"comfy"
"682",2020-03-18,"after",33.36382,8,98,39183,"Wednesday","on",8329,84,6838,93,3,38.6785714285716,9.763157895,1.776842105,17.80315789,0,0,4.845263158,1.811578947,21.51578947,59.03297872,0,0,34.5336665230167,"comfy"
"683",2020-03-19,"after",31.81718,12,102,37532,"Thursday","on",8474,91,6789,152,7,43.3214285714287,9.603157895,4.528421053,15.81263158,0.075052632,0.095789474,9.747368421,4.608421053,26.58947368,53.84526316,0,0,32.7269800479628,"comfy"
"684",2020-03-20,"after",28.44037,4,106,40938,"Friday","on",8558,94,6527,87,3,33.392857142857,9.383157895,2.848421053,15.54526316,0,0,6.44,2.893684211,20.01052632,42.24947368,0,0,28.8346589350595,"comfy"
"685",2020-03-21,"after",20.31813,0,105,72707,"Saturday","off",8697,102,6325,147,8,44.4999999999998,13.16526316,4.781052632,20.79157895,0.086315789,0.276842105,5.646315789,2.42,36.82105263,59.36210526,0,0,33.5544944081249,"comfy"
"686",2020-03-22,"after",19.33321,0,103,62249,"Sunday","off",8793,104,6085,98,2,36.2857142857142,12.24315789,6.434736842,18.56631579,0.057789474,0.017894737,5.987368421,2.595789474,28.77894737,58.03157895,0,0,33.1917596347469,"comfy"
"687",2020-03-23,"after",29.1801,2,102,25873,"Monday","on",8850,111,5884,64,7,35.8518518518519,9.749473684,2.389473684,17.10736842,0,0,5.918947368,2.262105263,22.74736842,51.72947368,0,0,31.8622490828198,"comfy"
"688",2020-03-24,"after",28.39483,2,105,25902,"Tuesday","on",8917,120,5684,76,9,37.9642857142856,9.394736842,2.130526316,17.2,0,0,4.346315789,1.541052632,27.01052632,58.74315789,0,0,34.5583023668107,"comfy"
"689",2020-03-25,"after",26.45801,13,109,62019,"Wednesday","on",9011,126,5410,100,6,37.8928571428572,11.65368421,2.791578947,19.54631579,0.070526316,0.011578947,4.371578947,1.676842105,29.63157895,58.18210526,0,0,33.4934653303103,"comfy"
"690",2020-03-26,"after",25.9369,11,92,40180,"Thursday","on",9110,131,5281,104,5,31.2857142857144,13.24,7.934736842,17.96736842,2.240736842,9.749473684,4.205263158,1.577894737,46.58947368,77.82842105,0,0,43.6644591880295,"comfy"
"691",2020-03-27,"after",23.47024,5,94,41627,"Friday","on",9193,139,4966,91,8,26.5384615384615,11.42105263,6.553684211,16.39157895,1.749368421,5.363157895,6.032631579,2.556842105,61.66315789,83.40315789,0,0,45.0270776279567,"comfy"
"692",2020-03-28,"after",17.68371,4,99,62827,"Saturday","off",9334,144,4665,146,5,29.8148148148147,7.158947368,3.524210526,11.13789474,0.157473684,0.210526316,5.211578947,2.451578947,33.29473684,53.26631579,0,0,34.0880538582866,"comfy"
"693",2020-03-29,"after",17.2962,4,98,53447,"Sunday","off",9431,152,4523,105,8,28.8571428571428,7.667368421,0.512631579,14.39578947,0.049789474,0.045263158,4.528421053,1.677894737,37.22105263,62.46210526,0,0,36.1307507149844,"comfy"
"694",2020-03-30,"after",25.93272,1,91,26776,"Monday","on",9503,158,4398,78,6,30.0370370370369,9.989473684,4.283157895,16.88526316,0.005789474,0,3.961052632,1.462105263,32.52631579,61.57052632,0,0,35.4182035805867,"comfy"
"695",2020-03-31,"after",25.36455,9,102,34819,"Tuesday","on",9624,162,4275,125,4,29.6666666666667,10.96631579,2.952631579,18.82,0.040736842,0.014736842,4.098947368,1.492631579,27.04210526,59.7,0,0,34.4107714208917,"comfy"
"696",2020-04-01,"after",25.49739,9,96,32390,"Wednesday","on",9722,165,4216,101,3,43.1538461538462,10.55368421,5.633684211,17.29473684,0.680526316,0.816842105,6.870526316,2.762105263,29.18947368,56.37473684,0,0,33.1787653467609,"comfy"
"697",2020-04-02,"after",23.55033,12,98,27536,"Thursday","on",9807,169,4155,89,4,32.8148148148148,9.425263158,2.34,16.74210526,0,0,4.964210526,1.984210526,21.98947368,52.06210526,0,0,32.2126176093485,"comfy"
"698",2020-04-03,"after",21.41881,30,127,25690,"Friday","on",9888,174,3979,86,5,36.9285714285714,10.58947368,3.164210526,18.03473684,0,0,5.282105263,2.186315789,18.85263158,45.59894737,0,0,28.7403007418792,"comfy"
"699",2020-04-04,"after",16.2126,0,104,42628,"Saturday","off",9979,177,3867,94,3,49.5714285714288,9.047368421,3.127368421,16.38,0.008421053,0,7.127368421,3.149473684,21.12631579,47.48736842,0,0,30.9705357102289,"comfy"
"700",2020-04-05,"after",16.2665,1,98,37548,"Sunday","off",10054,183,3654,81,6,33.6428571428572,7.059574468,0.391578947,14.16842105,0,0,5.343157895,2.306382979,17.15789474,43.1,0,0,31.8556426596743,"comfy"
"701",2020-04-06,"after",23.57879,1,99,15725,"Monday","on",10098,186,3591,47,3,35.6296296296297,9.047368421,0.137894737,16.81789474,0,0,4.686315789,1.888421053,18.93684211,48.45578947,0,0,31.2898483409375,"comfy"
"702",2020-04-07,"after",23.94391,6,105,15429,"Tuesday","on",10139,192,3500,47,6,49.0357142857144,11.66526316,4.424210526,18.77157895,0,0.026315789,5.436842105,2.261052632,27.56842105,50.96210526,0,0,30.1208054074484,"comfy"
"703",2020-04-08,"after",22.23369,8,112,18634,"Wednesday","on",10184,200,3445,53,8,33.8214285714284,9.82,4.208421053,15.91368421,0.092631579,0.170526316,6.297894737,2.802105263,16.90526316,44.77473684,0,0,29.2374062307998,"comfy"
"704",2020-04-09,"after",21.51217,19,126,18514,"Thursday","on",10219,204,3408,39,4,33.0357142857142,8.854736842,1.768421053,15.55684211,0.020421053,0.001052632,5.451578947,2.225263158,23.85263158,51.49263158,0,0,32.4326609267296,"comfy"
"705",2020-04-10,"after",19.66417,1,115,18992,"Friday","on",10242,208,3246,27,4,26.5185185185186,9.561052632,5.128421053,14.39894737,0.101684211,0.013684211,4.127368421,1.727368421,38.12631579,59.98105263,0,0,34.9405387677355,"comfy"
"706",2020-04-11,"after",15.2831,0,127,40012,"Saturday","off",10269,211,3125,30,3,27.5000000000001,8.797894737,4.371578947,13.62947368,1.224736842,2.911578947,4.118947368,1.542105263,43.34736842,70.00526316,0,0,38.3371773164929,"comfy"
"707",2020-04-12,"after",15.86152,0,126,39689,"Sunday","off",10298,214,3026,32,3,25.96,8.106315789,3.603157895,13.33789474,1.394315789,4.192631579,6.223157895,2.357894737,48.05263158,74.91578947,0,0,39.5538677355767,"comfy"
"708",2020-04-13,"after",22.87208,4,122,15805,"Monday","on",10320,217,2930,25,3,20.8076923076923,9.231578947,3.651578947,15.72105263,0.057263158,0.029473684,6.287368421,2.821052632,23.91578947,51.69473684,0,0,32.2244510521839,"comfy"
"709",2020-04-14,"after",22.33616,3,122,16136,"Tuesday","on",10342,222,2873,27,5,34.6000000000001,11.88631579,2.191578947,20.90315789,0,0,4.94,1.879787234,15.71578947,45.74736842,0,0,27.4593553673733,"comfy"
"710",2020-04-15,"after",17.0438,14,134,45868,"Wednesday","off",10366,225,2808,27,3,40.5555555555555,12.08085106,4.581052632,20.22210526,0,0,4.593684211,1.661052632,19.55789474,48.54680851,0,0,28.6248248718097,"comfy"
"711",2020-04-16,"after",20.88479,6,114,20123,"Thursday","on",10384,229,2750,22,4,34.7142857142859,12.96631579,5.285263158,20.04736842,0.028105263,0.001052632,5.370526316,2.349473684,34.57894737,59.06736842,0,0,33.4612861676802,"comfy"
"712",2020-04-17,"after",20.35457,4,122,24394,"Friday","on",10405,230,2627,22,1,27.7037037037037,11.60526316,8.754736842,15.44,1.988736842,14.32210526,5.401052632,2.133684211,61.72631579,84.55052632,0,0,45.7305738198306,"comfy"
"713",2020-04-18,"after",15.0436,0,116,45453,"Saturday","off",10421,232,2576,18,2,28.074074074074,12.17157895,7.82,17.95578947,0.157894737,0.534736842,5.106315789,2.256842105,47.69473684,74.93368421,0,0,41.552025743136,"comfy"
"714",2020-04-19,"after",15.97311,0,118,46883,"Sunday","off",10427,234,2484,8,2,20.3333333333333,10.72315789,7.851578947,14.25789474,2.391263158,19.27052632,5.142105263,2.129473684,63.17894737,86.28105263,0,0,45.576973252105,"comfy"
"715",2020-04-20,"after",22.1593,2,113,18900,"Monday","on",10438,236,2385,13,2,16.8695652173912,11.39473684,7.903157895,16.35052632,0.385789474,0.538947368,6.38,2.737894737,53.11578947,75.16947368,0,0,41.2778169707214,"comfy"
"716",2020-04-21,"after",21.49661,0,114,20002,"Tuesday","on",10446,237,2324,9,1,29.5925925925927,9.163157895,5.223157895,14.07789474,0.009473684,0.006315789,8.305263158,4.022105263,21.81052632,45.37157895,0,0,30.1508261321851,"comfy"
"717",2020-04-22,"after",21.43019,5,116,21295,"Wednesday","on",10456,238,2233,11,1,62.296296296296,7.451578947,4.008421053,11.84631579,0.108947368,0.003157895,7.706315789,4.161052632,27.75789474,43.24315789,0,0,31.4310778361046,"comfy"
"718",2020-04-23,"after",20.55762,21,128,24447,"Thursday","on",10462,240,2179,8,2,38.1481481481481,8.562105263,3.229473684,14.30842105,0.041578947,0.027368421,7.054736842,3.503157895,25.33684211,47.67368421,0,0,31.4852287368294,"comfy"
"719",2020-04-24,"after",18.773,3,124,23582,"Friday","on",10468,240,2051,6,0,33.6153846153845,10.18842105,2.845263158,16.16526316,0.008736842,0.005263158,7.454736842,3.229473684,21.75789474,45.62105263,0,0,29.1669866337045,"comfy"
"720",2020-04-25,"after",14.69442,0,126,48434,"Saturday","off",10478,240,1967,10,0,50.5357142857141,13.93085106,6.146315789,20.90315789,0,0.028421053,8.212631579,3.803191489,31.09473684,54.35744681,0,0,30.3797973661711,"comfy"
"721",2020-04-26,"after",16.84264,0,123,44236,"Sunday","off",10486,242,1843,10,2,29.5357142857144,11.94421053,5.855789474,18.19894737,0.054,0.162105263,5.658947368,2.346315789,22.76842105,54.29789474,0,0,31.5129816361952,"comfy"
"722",2020-04-27,"after",22.78592,1,109,19820,"Monday","on",10495,243,1769,10,1,25.9999999999999,11.36170213,4.648421053,17.98,0.061473684,0.175789474,5.646315789,2.095744681,24.27368421,55.36276596,0,0,32.3353417948346,"comfy"
"723",2020-04-28,"after",21.34366,4,122,25547,"Tuesday","on",10508,244,1731,14,1,29.142857142857,12.93829787,4.327368421,20.36736842,0,0,5.757894737,2.326595745,21.2,51.7787234,0,0,29.5857389129514,"comfy"
"724",2020-04-29,"after",19.39925,21,123,71905,"Wednesday","on",10515,246,1654,9,2,34.8571428571429,14.80947368,7.113684211,22.70631579,0,0,4.796842105,1.964210526,22.18947368,49.12315789,0,0,26.5641950164155,"comfy"
"725",2020-04-30,"after",15.17189,5,115,106955,"Thursday","off",10518,247,1593,4,1,29.7037037037038,16.91789474,7.268421053,24.16947368,0.110210526,0,5.769473684,2.514736842,36.96842105,60.86210526,0,0,33.4525960389918,"comfy"
"726",2020-05-01,"after",15.84786,3,115,70147,"Friday","on",10526,248,1459,9,1,38.074074074074,20.72421053,14.99263158,26.97052632,0.127157895,0.002105263,5.815789474,2.791578947,48.98947368,70.71157895,0,0,41.77714930873,"comfy"
"727",2020-05-02,"after",13.29277,18,126,74721,"Saturday","off",10530,250,1454,6,2,32.2857142857142,20.27368421,16.61052632,24.87789474,0.649684211,1.109473684,4.694736842,2.075789474,53.33684211,75.10631579,0,0,45.6825487370616,"comfy"
"728",2020-05-03,"after",14.45797,0,108,74923,"Sunday","off",10543,250,1407,13,0,23.92,18.19789474,15.57157895,21.56,1.518421053,14.38,4.372631579,1.685263158,68.35789474,86.47263158,0,0,53.8282612253552,"comfy"
"729",2020-05-04,"after",17.89208,8,114,49275,"Monday","on",10549,252,1360,8,2,27.2222222222223,18.86842105,13.49578947,26.01789474,0.069263158,0.017894737,5.287234043,2.112765957,51.28421053,77.69473684,0,0,47.162609207082,"comfy"
"730",2020-05-05,"after",15.6319,1,108,114696,"Tuesday","off",10550,254,1332,3,2,25.4230769230768,15.49789474,11.82315789,20.13263158,0.380736842,1.062105263,4.612631579,1.595789474,61.72631579,82.88842105,0,0,48.4868085905798,"comfy"
"731",2020-05-06,"after",19.34042,12,108,32685,"Wednesday","on",10551,255,1267,2,1,28.9999999999999,17.68105263,11.39789474,25.41368421,0.008631579,0.001052632,5.208421053,1.992631579,35.13684211,67.19578947,0,0,38.2112190075138,"comfy"
"732",2020-05-07,"after",18.13917,4,90,30920,"Thursday","on",10554,256,1218,4,1,23.96,16.90526316,10.23368421,23.46736842,0,0,5.355789474,2.330526316,24.28421053,49.73157895,0,0,25.2157615791555,"comfy"
"733",2020-05-08,"after",16.06951,3,94,28718,"Friday","on",10566,256,1135,12,0,25.6000000000001,17.14421053,9.470526316,23.58105263,0.897052632,3.618947368,5.24,2.184210526,30.44210526,59.75368421,0,0,32.5627561142774,"comfy"
"734",2020-05-09,"after",13.27379,0,95,80420,"Saturday","off",10584,256,1082,18,0,13.8125,15.78526316,13.45473684,18.33368421,4.109789474,35.29368421,5.705263158,2.615789474,82.58947368,93.62736842,0,0,56.0687409286866,"comfy"
"735",2020-05-10,"after",13.71178,0,104,69039,"Sunday","off",10618,256,1016,34,0,22.590909090909,15.71368421,12.87684211,19.58631579,0.718315789,0.377894737,5.167368421,2.533684211,68.24210526,83.17263158,0,0,48.875002694966,"comfy"
"736",2020-05-11,"after",20.86126,2,91,24054,"Monday","on",10653,256,1008,35,0,63.8076923076921,18.06210526,12.26736842,24.48,0.176736842,0.217894737,5.635483871,2.46344086,30.48421053,61.44947368,0,0,33.6426482762524,"comfy"
"737",2020-05-12,"after",18.69254,6,99,24657,"Tuesday","on",10678,258,1021,27,2,38.3703703703704,16.38421053,11.75368421,21.78421053,0.080736842,0.302105263,6.787096774,3.215957447,37.28421053,61.09894737,0,0,33.7522108423743,"comfy"
"738",2020-05-13,"after",18.23329,12,98,28416,"Wednesday","on",10703,259,1008,26,1,34.7037037037036,16.16526316,8.867368421,22.88947368,0,0,5.959574468,2.471276596,24.67368421,51.06315789,0,0,26.7616724687671,"comfy"
"739",2020-05-14,"after",17.75355,15,88,29332,"Thursday","on",10731,260,1008,29,1,50.5599999999999,18.50105263,10.52315789,25.74315789,0.031473684,0.004210526,4.2,1.638947368,21.94736842,47.82736842,0,0,22.3283415584898,"comfy"
"740",2020-05-15,"after",17.196,4,106,36252,"Friday","on",10758,260,969,27,0,29.1538461538462,16.06947368,14.41578947,19.04,3.336105263,18.34421053,5.129473684,2.036842105,52.62105263,87.54736842,0,0,52.2501758891642,"comfy"
"741",2020-05-16,"after",13.42902,4,111,69114,"Saturday","off",10775,262,937,19,2,21.4545454545455,17.41578947,14.45578947,21.88315789,0.879368421,0.608421053,3.413684211,1.315789474,69.57894737,88.89157895,0,0,54.8285398133146,"comfy"
"742",2020-05-17,"after",13.89169,2,115,64641,"Sunday","off",10788,262,924,13,0,32.4347826086956,19.05789474,14.95684211,24.85578947,0.331684211,0.923157895,4.044210526,1.521052632,58.91578947,82.36842105,0,0,51.2684407900045,"comfy"
"743",2020-05-18,"after",19.93441,1,103,25864,"Monday","on",10802,263,900,15,1,26.7647058823528,17.85894737,13.95578947,23.03473684,1.318315789,17.13473684,6.337894737,2.317894737,64.92631579,86.21684211,0,0,53.2556187212372,"comfy"
"744",2020-05-19,"after",19.4243,4,109,26906,"Tuesday","on",10815,263,898,13,0,19.8461538461538,13.59368421,10.59368421,17.32842105,1.209157895,7.603157895,6.624210526,2.905263158,59.31578947,78.66526316,0,0,44.3660754113599,"comfy"
"745",2020-05-20,"after",18.16346,14,114,29061,"Wednesday","on",10847,263,877,32,0,16,13.81578947,8.933684211,19.36947368,0.399684211,0.381052632,4.418947368,1.892631579,49.56842105,73.06842105,0,0,41.2784032865031,"comfy"
"746",2020-05-21,"after",17.28975,8,120,32133,"Thursday","on",10858,264,781,12,1,21.6666666666667,15.45894737,9.691578947,21.18315789,0.071894737,0.015789474,3.995789474,1.666315789,51.8,73.71157895,0,0,42.3514031392647,"comfy"
"747",2020-05-22,"after",16.05964,2,106,34783,"Friday","on",10878,264,723,20,0,25.6538461538461,16.79157895,12.30421053,22.23684211,0.121368421,0.333684211,4.544210526,1.990526316,52.61052632,74.45473684,0,0,43.4654226523099,"comfy"
"748",2020-05-23,"after",12.75913,0,115,72858,"Saturday","off",10899,266,716,23,2,26.8333333333334,18.15052632,12.51473684,24.18526316,0.250842105,0.424210526,4.057446809,1.659574468,47.98947368,73.84526316,0,0,43.6068377350994,"comfy"
"749",2020-05-24,"after",13.7486,0,104,71410,"Sunday","off",10924,266,705,25,0,23.6666666666668,18.40631579,13.90631579,23.59368421,0.580736842,3.502105263,5.154736842,2.036842105,57.78947368,80.90947368,0,0,49.5013818075014,"comfy"
"750",2020-05-25,"after",19.02085,0,103,28240,"Monday","on",10939,267,711,16,1,26.4,17.71894737,13.92105263,22.44526316,0.071157895,0.004210526,3.497894737,1.493684211,56.21052632,78.56947368,0,0,47.1179678030412,"comfy"
"751",2020-05-26,"after",18.48455,6,114,29591,"Tuesday","on",10956,269,713,19,2,30.25,18.11684211,14.05157895,24.12842105,0.455157895,0.476842105,4.284042553,1.564893617,45.50526316,74.91578947,0,0,44.452518788831,"comfy"
"752",2020-05-27,"after",17.79644,12,106,49597,"Wednesday","on",10996,269,681,40,0,20.0833333333332,18.29894737,13.18315789,24.46736842,0.020842105,0.016842105,4.583157895,1.96,34.71578947,64.77578947,0,0,36.2965951969404,"comfy"
"753",2020-05-28,"after",16.91552,7,107,33504,"Thursday","on",11075,269,701,79,0,22.4444444444445,18.06105263,11.79473684,24.66842105,0.007052632,0.011578947,4.505263158,1.687368421,35.46315789,67.56,0,0,38.5355111366763,"comfy"
"754",2020-05-29,"after",15.82774,8,117,38134,"Friday","on",11133,269,735,58,0,25.346153846154,19.17684211,12.58631579,26.07473684,0.001368421,0.006315789,3.987368421,1.473684211,36.77894737,66.78315789,0,0,37.9853805857099,"comfy"
"755",2020-05-30,"after",12.25358,0,117,74943,"Saturday","off",11172,269,770,39,0,28.8333333333332,20.14315789,13.93894737,26.49368421,0.157368421,0.066315789,3.76,1.444210526,36.10526316,63.42,0,0,34.9889058110535,"comfy"
"756",2020-05-31,"after",13.15348,1,113,77202,"Sunday","off",11198,270,774,27,1,28.9999999999999,19.85368421,14.50631579,25.16736842,0.842,2.415789474,4.068421053,1.602105263,49.21052632,72.64947368,0,0,43.2755516118285,"comfy"
"757",2020-06-01,"after",19.20303,1,100,28428,"Monday","on",11232,271,793,35,1,20.9999999999999,20.58421053,15.56736842,25.83263158,0.264526316,0.22,5.552631579,2.570526316,34.50526316,64.02842105,0,0,35.5071822867267,"comfy"
"758",2020-06-02,"after",19.14534,5,106,27218,"Tuesday","on",11269,272,810,38,1,19.4545454545454,19.31789474,13.02947368,25.20315789,0.257368421,0.482105263,5.092631579,1.694736842,33.17894737,62.08105263,0,0,33.9207512822702,"comfy"
"759",2020-06-03,"after",17.77632,5,111,28185,"Wednesday","on",11317,273,823,49,1,31.0800000000001,21.65578947,16.89473684,27.07473684,0.398315789,0.244210526,4.356842105,1.771578947,53.36842105,75.43473684,0,0,46.6972899381214,"comfy"
"760",2020-06-04,"after",16.7637,4,101,84157,"Thursday","on",11356,273,850,39,0,45.2083333333331,23.64842105,18.68,29.53157895,0.475052632,0.023157895,4.612631579,2.097894737,47.03157895,72.45473684,0,0,44.4703770072767,"comfy"
"761",2020-06-05,"after",15.57497,9,112,84798,"Friday","on",11395,273,857,39,0,45.9166666666665,22.77894737,18.24736842,29.04526316,0.073789474,0.017894737,4.025263158,1.661052632,47.23157895,74.8,0,0,46.612665263921,"comfy"
"762",2020-06-06,"after",12.78684,0,108,165677,"Saturday","off",11446,273,889,51,0,41.3214285714285,21.7,17.42526316,27.71263158,0.054,1.457894737,4.356842105,1.786315789,50.63157895,73.90526316,0,0,45.204682370507,"comfy"
"763",2020-06-07,"after",13.04948,0,112,151396,"Sunday","off",11503,273,915,57,0,34.28,21.84,16.9,27.95789474,0.094421053,0.010526316,3.898947368,1.554736842,45.08421053,68.35578947,0,0,39.7266477015858,"comfy"
"764",2020-06-08,"after",18.27352,4,107,46276,"Monday","on",11540,273,951,37,0,41.6666666666666,23.83894737,16.79157895,31.12105263,0.090421053,0,3.98,1.490526316,37.22105263,63.17263158,0,0,34.3048012535961,"comfy"
"765",2020-06-09,"after",16.70677,14,119,43091,"Tuesday","on",11577,274,977,38,1,48.7307692307694,25.30526316,17.91157895,32.64105263,0.002421053,0,4.262105263,1.647368421,35.15789474,61.13894737,0,0,31.7245204224293,"comfy"
"766",2020-06-10,"after",18.92368,12,108,74653,"Wednesday","on",11625,276,988,50,2,42.217391304348,24.71052632,19.58736842,31.61157895,1.148105263,11.12947368,4.670526316,1.723157895,44.68421053,72.07684211,0,0,44.4196717174007,"comfy"
"767",2020-06-11,"after",16.43312,6,104,107343,"Thursday","on",11670,276,1014,45,0,23.0555555555555,24.28421053,20.59368421,29.77263158,0.971263158,8.58,3.82,1.492631579,58.08421053,82.20210526,0,0,55.6738191575449,"comfy"
"768",2020-06-12,"after",15.54119,9,112,103720,"Friday","on",11725,277,1016,56,1,30.2999999999999,23.20736842,20.11684211,27.59052632,0.902631579,10.51789474,3.568421053,1.284210526,65.30526316,85.91702128,0,0,58.7103203625434,"comfy"
"769",2020-06-13,"after",12.48624,0,110,207343,"Saturday","off",11773,277,1056,48,0,31.9047619047619,23.75894737,19.99368421,28.55789474,1.852,22.49578947,4.022105263,1.5,60.18947368,83.09263158,0,0,56.194967255235,"comfy"
"770",2020-06-14,"after",13.5463,0,102,195876,"Sunday","off",11807,277,1082,34,0,23.3333333333333,23.69368421,20.59473684,27.72526316,1.512526316,17.28842105,5.574736842,2.385263158,57.16842105,81.9,0,0,54.8292220784978,"comfy"
"771",2020-06-15,"after",18.45533,4,99,54457,"Monday","on",11844,277,1089,37,0,24.9583333333332,23.02736842,17.88421053,28.61052632,0,0.002105263,4.76,2.106315789,40.6,66.33368421,0,0,37.7569084836095,"comfy"
"772",2020-06-16,"after",18.02758,3,104,52895,"Tuesday","on",11877,278,1114,34,1,30.090909090909,22.78736842,17.49789474,28.81052632,0,0,4.132631579,1.693684211,40.94736842,66.57684211,0,0,38.0018260259587,"comfy"
"773",2020-06-17,"after",17.70952,11,104,63429,"Wednesday","on",11919,279,1117,43,1,29.3749999999999,21.92315789,16.99052632,27.03473684,0.678105263,1.850526316,3.634736842,1.401052632,48.07368421,72.63789474,0,0,44.031584117201,"comfy"
"774",2020-06-18,"after",17.27988,11,105,111110,"Thursday","on",11977,280,1145,59,1,23.75,19.62947368,17.47263158,22.15578947,2.818736842,21.39052632,3.846315789,1.578947368,71.85263158,85.67157895,0,0,54.6862150715802,"comfy"
"775",2020-06-19,"after",16.41452,4,115,107169,"Friday","on",12026,280,1177,49,0,23.4782608695652,21.70105263,17.71578947,27.10315789,0.826105263,1.244210526,4.281052632,1.757894737,52.72631579,76.96421053,0,0,48.2361916658669,"comfy"
"776",2020-06-20,"after",12.86502,0,105,198190,"Saturday","off",12093,280,1191,67,0,26.88,22.18842105,17.99368421,27.49157895,0.020210526,0.103157895,3.727368421,1.475789474,56.30526316,77.63578947,0,0,49.2094043419622,"comfy"
"777",2020-06-21,"after",12.97205,0,99,183468,"Sunday","off",12141,280,1237,48,0,26.0384615384615,22.92105263,18.10210526,28.94947368,0.004421053,0.124210526,3.895789474,1.547368421,49.26315789,74.55578947,0,0,46.4237942058979,"comfy"
"778",2020-06-22,"after",17.85451,4,108,46791,"Monday","on",12158,280,1273,17,0,29.5833333333335,23.92947368,17.43684211,30.99789474,0,0,3.714736842,1.393684211,42.14736842,70.81473684,0,0,42.7557729544054,"comfy"
"779",2020-06-23,"after",17.32808,4,115,49020,"Tuesday","on",12203,281,1277,46,1,27.8,24.23052632,18.44421053,30.20210526,0.192631579,0.050526316,3.971578947,1.578947368,42.87368421,70.05894737,0,0,41.9897979185546,"comfy"
"780",2020-06-24,"after",18.11677,6,101,235954,"Wednesday","on",12254,281,1295,51,0,19.5,21.83684211,19.94210526,24.50947368,3.029052632,23.14842105,5.121052632,2.256842105,65.17894737,85.93578947,0,0,57.2705852908424,"comfy"
"781",2020-06-25,"after",17.05936,10,113,206970,"Thursday","on",12281,282,1324,28,1,16.1818181818181,21.50319149,19.72631579,23.74526316,2.430105263,5.637894737,3.625263158,1.531578947,82.15789474,92.35,0,0,63.2046002535534,"comfy"
"782",2020-06-26,"after",16.00423,4,104,214441,"Friday","on",12320,282,1307,39,0,21.1052631578948,22.73829787,19.30631579,27.42421053,0.374421053,0.293684211,4.566315789,2.061052632,57.13684211,78.31170213,0,0,50.2630151995047,"comfy"
"783",2020-06-27,"after",12.75419,0,105,409650,"Saturday","off",12371,282,1148,51,0,27.6923076923077,23.33052632,19.11789474,28.88526316,0.180947368,0.341052632,3.424210526,1.165263158,53.68421053,78.76,0,0,51.1402825713272,"comfy"
"784",2020-06-28,"after",13.53454,0,98,375375,"Sunday","off",12433,282,1054,62,0,30.4285714285714,23.54210526,18.98210526,29.05368421,0.013473684,0.130526316,4.083157895,1.608421053,53.15789474,78.06947368,0,0,50.5356625723045,"comfy"
"785",2020-06-29,"after",18.41282,1,103,99375,"Monday","on",12475,282,1069,42,0,28.6666666666667,21.50421053,18.60315789,25.34210526,2.096736842,40.32210526,6.226315789,2.186170213,70.84210526,88.67157895,0,0,59.5989859122945,"comfy"
"786",2020-06-30,"after",18.85954,5,106,108078,"Tuesday","on",12517,282,1046,42,0,13.5,20.62947368,18.40105263,23.52736842,2.803578947,25.06421053,7.183157895,3.458947368,71.54736842,86.54947368,0,0,56.5582900756543,"comfy"
"787",2020-07-01,"after",19.15672,13,107,94073,"Wednesday","on",12568,282,980,51,0,21.0555555555555,20.63617021,17.41170213,25.22553191,0.753052632,1.541052632,4.195789474,1.765263158,59.31578947,80.73789474,0,0,51.1304171065815,"comfy"
"788",2020-07-02,"after",17.90992,11,120,83832,"Thursday","on",12622,282,955,54,0,29.6250000000001,22.17340426,17.10851064,27.62765957,0.081473684,0.117894737,3.483157895,1.293684211,53.26315789,77.27789474,0,0,48.8364579842388,"comfy"
"789",2020-07-03,"after",16.71474,19,137,93356,"Friday","on",12683,282,938,61,0,21.0909090909091,20.85531915,18.18315789,23.98842105,1.730526316,6.393684211,4.163157895,1.664210526,61.28421053,82.27789474,0,0,52.7622270991041,"comfy"
"790",2020-07-04,"after",12.93372,2,120,192541,"Saturday","off",12745,283,924,63,1,17.2857142857143,20.84631579,17.88210526,24.95789474,0.567052632,0.52,3.327368421,1.275789474,61.28421053,82.42842105,0,0,52.8967889874478,"comfy"
"791",2020-07-05,"after",13.33148,0,126,166229,"Sunday","off",12806,283,934,61,0,22.7307692307693,22.1,18.29578947,26.8,0.037052632,0.056842105,3.257894737,1.167368421,59.90526316,81.38526316,0,0,52.947005370551,"comfy"
"792",2020-07-06,"after",18.3149,3,125,56653,"Monday","on",12853,284,974,48,1,20.4999999999999,22.77789474,19.05684211,26.99894737,0.569578947,5.311578947,3.413684211,1.18,66.28421053,85.60947368,0,0,57.9312428462692,"comfy"
"793",2020-07-07,"after",17.88184,11,139,55184,"Tuesday","on",12896,285,1005,44,1,18.3181818181819,23.72105263,20.61894737,28.22526316,0.360421053,3.118947368,3.887368421,1.527368421,63.92631579,83.42315789,0,0,56.5226306249108,"comfy"
"794",2020-07-08,"after",17.5486,5,129,67422,"Wednesday","on",12958,285,982,62,0,23.96,23.72526316,19.57052632,29.08210526,0.010210526,0.008421053,3.703157895,1.446315789,55.86315789,80.17263158,0,0,52.9618892448681,"comfy"
"795",2020-07-09,"after",17.05291,10,141,63649,"Thursday","on",13006,287,988,50,2,26.2916666666667,23.97368421,19.78210526,28.96736842,0.328526316,1.109473684,3.888421053,1.584210526,58.96842105,80.99263158,0,0,54.0615803954802,"comfy"
"796",2020-07-10,"after",16.44033,7,143,70847,"Friday","on",13050,288,987,45,1,18.8823529411765,23.51052632,21.21263158,27.25157895,1.973578947,33.87263158,4.745263158,1.803157895,71.93684211,87.86736842,0,0,61.1498857406093,"comfy"
"797",2020-07-11,"after",12.9842,1,135,143306,"Saturday","off",13085,288,985,35,0,15.6666666666667,23.72,20.81263158,27.78842105,0.239684211,0.675789474,4.053684211,1.674736842,64.23157895,81.50631579,0,0,54.4200794426823,"comfy"
"798",2020-07-12,"after",14.16724,1,144,131387,"Sunday","off",13128,289,941,44,1,15.8181818181818,20.97473684,18.71578947,23.27052632,2.660631579,29.32631579,4.387368421,2.025263158,77.12631579,88.07052632,0,0,58.3865729594298,"comfy"
"799",2020-07-13,"after",18.7768,2,139,51066,"Monday","on",13190,289,950,62,0,10,19.45894737,18.17578947,21.22736842,4.342736842,79.41578947,5.094736842,2.553684211,85.94736842,94.14631579,0,0,61.9115657607138,"comfy"
"800",2020-07-14,"after",18.37714,5,146,48767,"Tuesday","on",13223,289,986,33,0,9.75000000000004,19.51578947,17.98526316,21.66,2.561578947,9.082105263,4.341052632,2.181052632,78.83157895,90.19684211,0,0,58.5339925257241,"comfy"
"801",2020-07-15,"after",18.43635,3,123,376009,"Wednesday","on",13262,289,941,39,0,12.9545454545454,19.97473684,17.76,23.30526316,1.289789474,3.236842105,3.090526316,1.243157895,71.35789474,87.66842105,0,0,56.8477197846705,"comfy"
"802",2020-07-16,"after",17.3258,12,121,247639,"Thursday","on",13321,291,914,61,2,19.3478260869565,21.85368421,17.62315789,27.32,0.010105263,0.368421053,3.365263158,1.230526316,57.2,81.10105263,0,0,52.4593235032584,"comfy"
"803",2020-07-17,"after",17.36414,5,117,287503,"Friday","on",13379,293,925,60,2,22.6086956521738,22.72210526,18.1,28.46842105,0.033684211,0.306315789,3.775789474,1.342105263,55.44210526,79.62842105,0,0,51.6271755844028,"comfy"
"804",2020-07-18,"after",13.89548,0,112,554620,"Saturday","off",13417,294,919,39,1,22.2727272727273,22.55368421,18.71473684,26.82631579,0.174736842,0.725263158,3.854736842,1.569473684,60.08421053,80.32631579,0,0,52.2259087369807,"comfy"
"805",2020-07-19,"after",15.21288,0,110,483637,"Sunday","off",13450,295,898,34,1,19.2608695652175,23.75052632,20.17894737,26.91894737,1.008842105,5.829473684,5.011578947,2.329473684,75.97894737,87.01473684,0,0,60.4935829076738,"comfy"
"806",2020-07-20,"after",19.17988,6,109,163070,"Monday","on",13475,296,894,26,1,16.55,24.88,22.33368421,28.36210526,1.258421053,8.035789474,6.136842105,2.692631579,72.07368421,86.18315789,0,0,60.7981900155722,"comfy"
"807",2020-07-21,"after",18.98669,5,115,139937,"Tuesday","on",13520,296,903,45,0,21.1304347826086,24.64421053,21.38842105,29.19263158,0.432631579,4.176842105,3.273684211,1.226315789,58.81052632,80.99578947,0,0,54.6062193250719,"comfy"
"808",2020-07-22,"after",20.48475,8,119,144944,"Wednesday","on",13582,297,877,63,1,18.8095238095238,22.73085106,21.23157895,25.04947368,2.767368421,27.37052632,2.905263158,0.948421053,82.32631579,93.96276596,0,0,66.6085121843403,"comfy"
"809",2020-07-23,"after",22.4766,11,118,129697,"Thursday","on",13641,297,884,59,0,14.1818181818182,21.70842105,20.21684211,23.60210526,4.156631579,65.65578947,6.311578947,2.354736842,86.21052632,94.67368421,0,0,65.795367469158,"comfy"
"810",2020-07-24,"after",21.82074,8,126,163006,"Friday","on",13681,298,883,41,1,11,21.17684211,19.37473684,23.54631579,2.634,21.51157895,5.796842105,2.741052632,79.56842105,90.39368421,0,0,60.8627265951153,"comfy"
"811",2020-07-25,"after",18.01354,1,116,326606,"Saturday","off",13794,298,864,113,0,14.8888888888889,22.17052632,20.13263158,25.46315789,1.344736842,8.163157895,3.912631579,1.692631579,74.35789474,88.70210526,0,0,60.4349520755711,"comfy"
"812",2020-07-26,"after",18.95481,0,109,271437,"Sunday","off",13852,298,928,58,0,16.8888888888889,22.98315789,20.09789474,27.35894737,0.271368421,1.296842105,3.528421053,1.312631579,65.36842105,85.62,0,0,58.1575136055591,"comfy"
"813",2020-07-27,"after",22.65878,3,116,98761,"Monday","on",13876,299,962,25,1,20.6190476190477,22.57894737,20.72315789,25.35684211,2.445368421,14.54526316,2.969473684,1.171578947,79.13684211,92.37894737,0,0,64.7409789512188,"comfy"
"814",2020-07-28,"after",22.36463,2,128,102440,"Tuesday","on",13903,300,971,28,1,14.0454545454545,23.45052632,21.44842105,26.20947368,1.992,14.43578947,3.129473684,1.167368421,81.63157895,93.52947368,0,0,67.2079614437037,"comfy"
"815",2020-07-29,"after",23.56892,5,114,321919,"Wednesday","on",13951,300,896,48,0,15.2,23.75052632,22.26210526,26.05578947,2.212947368,32.52947368,3.189473684,1.166315789,86.27368421,95.58421053,0,0,69.9025650896,"little"
"816",2020-07-30,"after",21.1573,7,119,215462,"Thursday","on",13969,300,882,18,0,15.7222222222222,24.2344086,22.22105263,27.78842105,1.085368421,28.88,4.12,1.346315789,77.31578947,92.7576087,0,0,67.4869350281239,"comfy"
"817",2020-07-31,"after",20.38151,4,127,273702,"Friday","on",14004,301,837,36,1,17.7368421052631,25.75789474,22.16315789,30.39894737,0.340736842,3.430526316,3.445744681,1.290425532,65.77894737,86.51808511,0,0,62.147489204339,"comfy"
"818",2020-08-01,"after",17.95281,1,108,436480,"Saturday","off",14035,301,821,31,0,19.6999999999999,25.84105263,23.16,29.79789474,1.255157895,11.00947368,4.031914894,1.532978723,67.45263158,87.44315789,0,0,63.3553377240545,"comfy"
"819",2020-08-02,"after",17.27608,0,111,369037,"Sunday","off",14065,301,802,30,0,23.4705882352942,26.26526316,23.80631579,29.66421053,1.324421053,21.47157895,4.928723404,2.139361702,72.13684211,86.96,0,0,63.2466192865656,"comfy"
"820",2020-08-03,"after",20.83431,11,120,192067,"Monday","on",14088,301,806,23,0,25.4444444444444,26.19894737,24.01473684,29.11473684,1.144526316,20.90210526,5.206382979,2.427659574,72.26315789,85.82421053,0,0,61.7800758325048,"comfy"
"821",2020-08-04,"after",21.15351,7,122,191830,"Tuesday","on",14122,301,808,34,0,35.9500000000002,26.87894737,23.78631579,31.10947368,0.676631579,12.95263158,4.946808511,2.210638298,67.57894737,85.16105263,0,0,61.6638860785735,"comfy"
"822",2020-08-05,"after",22.24014,9,114,452465,"Wednesday","on",14154,302,770,33,1,29.4705882352942,26.35789474,24.23473684,29.27052632,1.291894737,16.76631579,5.015957447,2.208510638,75.73684211,88.84526316,0,0,65.6770343222315,"comfy"
"823",2020-08-06,"after",19.45884,5,100,384029,"Thursday","on",14197,302,748,43,0,22.8571428571428,25.41473684,23.46315789,27.91578947,2.021894737,28.34,6.854736842,3.002105263,77.89473684,90.81157895,0,0,66.8589824424447,"comfy"
"824",2020-08-07,"after",20.09837,10,115,421209,"Friday","on",14216,303,696,20,1,22.6666666666667,24.04526316,22.4,26.11368421,2.259368421,39.79052632,3.761052632,1.386315789,83.45263158,93.67684211,0,0,68.2414910031046,"little"
"825",2020-08-08,"after",17.17399,0,105,729498,"Saturday","off",14258,304,673,43,1,16.076923076923,23.99894737,22.47157895,25.78105263,2.996210526,69.71578947,4.271276596,1.781914894,87.43157895,94.66736842,0,0,69.273844874917,"little"
"826",2020-08-09,"after",17.69927,0,97,654600,"Sunday","off",14293,305,629,36,1,14.8333333333333,26.01684211,23.41368421,29.44736842,2.031157895,22.54526316,5.606315789,2.768421053,71.35789474,87.01789474,0,0,63.0391425986281,"comfy"
"827",2020-08-10,"after",22.04316,7,97,265688,"Monday","on",14321,305,651,28,0,13.5333333333334,25.71052632,23.81157895,28.81578947,2.470105263,32.92842105,5.1,1.936842105,78.62105263,92.48,0,0,69.2521273743456,"little"
"828",2020-08-11,"after",21.13377,4,101,244879,"Tuesday","on",14355,305,663,34,0,17.3333333333334,25.71578947,23.67894737,28.92736842,1.68,27.90315789,5.080851064,2.031914894,75.65263158,91.06842105,0,0,67.5647207814018,"comfy"
"829",2020-08-12,"after",20.29194,5,108,312750,"Wednesday","on",14409,305,626,54,0,18.2857142857142,26.89789474,24.12842105,30.73684211,0.557684211,5.32,4.046808511,1.581914894,71.81052632,88.50105263,0,0,65.8997668860041,"comfy"
"830",2020-08-13,"after",18.44887,19,113,279373,"Thursday","on",14465,305,623,56,0,20.1818181818182,27.86842105,24.76,31.75368421,0.083263158,0.027368421,4.336170213,1.990425532,66.34736842,83.58736842,0,0,60.6113210487692,"comfy"
"831",2020-08-14,"after",16.46462,9,109,421265,"Friday","on",14568,305,648,103,0,23.8571428571428,28.21684211,25.46,31.72421053,0.145368421,0.758947368,5.131578947,2.609473684,67.75789474,81.36947368,0,0,57.9869371877833,"comfy"
"832",2020-08-15,"after",12.73712,1,99,657834,"Saturday","off",14734,305,705,166,0,22.9047619047619,27.74105263,24.77578947,31.60105263,0.654,7.911578947,4.361052632,1.934736842,65.82105263,83.00842105,0,0,59.7349065845953,"comfy"
"833",2020-08-16,"after",13.87613,0,99,595566,"Sunday","off",15013,305,833,279,0,19.4545454545454,27.62736842,23.89578947,32.25473684,0.010526316,0.010526316,4.282105263,1.881052632,60.68421053,81.06947368,0,0,57.1095457620916,"comfy"
"834",2020-08-17,"after",16.47373,2,101,404734,"Monday","off",15013,305,833,0,0,23.6666666666668,27.56631579,23.80105263,32.58526316,0.028947368,0.001052632,3.405263158,1.365263158,58.24210526,81.08210526,0,0,57.0764268594882,"comfy"
"835",2020-08-18,"after",19.02882,7,99,144458,"Tuesday","on",15455,306,1293,443,1,30.7916666666668,27.41382979,23.38947368,32.87473684,0.007894737,0,3.283157895,1.275789474,55.04210526,80.36914894,0,0,56.0334120224147,"comfy"
"836",2020-08-19,"after",18.83108,3,104,128740,"Wednesday","on",15752,306,1521,297,0,39.6400000000001,27.36210526,22.72842105,33.23157895,0.007052632,0,3.76,1.455789474,51.77894737,78.15473684,0,0,53.1441447215273,"comfy"
"837",2020-08-20,"after",18.7639,11,97,112834,"Thursday","on",16039,307,1746,288,1,34.3599999999998,27.02631579,22.60631579,32.96105263,0.164947368,0.315789474,3.406315789,1.312631579,51.97894737,79.53297872,0,0,54.6721600394572,"comfy"
"838",2020-08-21,"after",18.00101,1,97,106498,"Friday","on",16361,309,1976,324,2,28.7727272727273,25.98842105,22.46210526,30.83473684,0.29,1.348421053,3.645263158,1.327368421,62.95789474,83.61170213,0,0,58.8690967514797,"comfy"
"839",2020-08-22,"after",14.65951,0,105,195928,"Saturday","off",16693,309,2241,332,0,23.1499999999999,25.35368421,22.76421053,29.44631579,0.613578947,7.852631579,3.831578947,1.352631579,66.64210526,84.76210526,0,0,59.6295542273188,"comfy"
"840",2020-08-23,"after",16.24145,2,104,174528,"Sunday","off",17089,309,2524,396,0,22.6315789473685,25.57021277,21.98210526,30.69473684,0.104421053,1.512631579,3.354736842,1.133684211,58.11578947,82.15319149,0,0,56.7343620051738,"comfy"
"841",2020-08-24,"after",22.01773,0,90,63788,"Monday","on",17355,309,2889,266,0,25.7826086956523,26.60736842,21.92315789,31.94210526,0.001578947,0.02,3.649473684,1.377894737,57.76842105,80.71263158,0,0,55.8373822057421,"comfy"
"842",2020-08-25,"after",23.3226,6,98,58608,"Tuesday","on",17634,310,3136,280,1,31.3750000000001,28.07368421,23.29473684,33.44105263,0.185157895,0.997894737,4.444210526,1.706315789,54.38947368,77.85473684,0,0,53.215624944243,"comfy"
"843",2020-08-26,"after",22.7195,11,94,176424,"Wednesday","on",17952,312,3348,320,2,24.7894736842106,27.62631579,24.44210526,31.6,1.498105263,22.12,7.474736842,3.436842105,63.30526316,80.28105263,0,0,56.083370340457,"comfy"
"844",2020-08-27,"after",24.12837,7,74,113737,"Thursday","on",18392,313,3584,441,1,20.9999999999999,27.21170213,24.84787234,30.57553191,1.175578947,10.48210526,7.325531915,3.008510638,69.07446809,85.24468085,0,0,62.1117929588343,"comfy"
"845",2020-08-28,"after",22.64322,2,79,119775,"Friday","on",18760,316,3931,371,3,16.7777777777779,27.02526316,24.49894737,31.43684211,0.800842105,13.20631579,4.218947368,1.54,67.55789474,87.35052632,0,0,64.592406123531,"comfy"
"846",2020-08-29,"after",17.93877,0,78,190060,"Saturday","off",19078,321,4209,323,5,16.3846153846154,26.60105263,24.18210526,30.83684211,0.982210526,13.00526316,4.010526316,1.443157895,69.09473684,88.73684211,0,0,65.8378068460988,"comfy"
"847",2020-08-30,"after",19.73515,0,81,159983,"Sunday","off",19375,323,4313,299,2,13,26.56210526,23.76315789,31.43578947,0.760631579,7.728421053,3.841052632,1.250526316,65.93684211,87.27578947,0,0,63.9718015076184,"comfy"
"848",2020-08-31,"after",31.18599,4,84,76076,"Monday","on",19622,324,4472,248,1,14,25.61263158,23.03684211,29.31052632,0.341578947,2.186315789,4.052631579,1.834736842,67.22105263,83.28421053,0,0,58.1230223211684,"comfy"
"849",2020-09-01,"after",38.78636,5,77,64781,"Tuesday","on",19857,324,4649,235,0,16.6190476190475,25.40526316,21.87473684,29.54,0.631263158,0.881052632,3.472631579,1.588421053,65.67368421,82.35894737,0,0,56.8349699247717,"comfy"
"850",2020-09-02,"after",35.43537,9,87,72023,"Wednesday","on",20122,326,4659,267,2,13.235294117647,24.49052632,23.03578947,26.52842105,3.598947368,56.37578947,7.663157895,2.878947368,82.49473684,92.91578947,0,0,68.0308211597276,"little"
"851",2020-09-03,"after",33.47351,8,75,69076,"Thursday","on",20314,329,4766,195,3,21.6,23.74315789,20.30842105,27.31789474,1.610631579,44.4,10.82736842,4.577894737,57.42105263,77.99789474,0,0,50.5886135161747,"comfy"
"852",2020-09-04,"after",28.68556,9,84,82074,"Friday","on",20510,331,4785,198,2,28.4166666666668,22.61789474,17.94,28.15157895,0.026,0.126315789,4.288421053,1.766315789,45.85263158,74.57978723,0,0,46.3060748055212,"comfy"
"853",2020-09-05,"after",19.74616,4,76,160869,"Saturday","off",20676,333,4727,168,2,30.4583333333333,20.43052632,17.71157895,23.95263158,1.432947368,4.737894737,3.493684211,1.202105263,67.05263158,86.02553191,0,0,55.8556214960611,"comfy"
"854",2020-09-06,"after",20.56142,3,76,141704,"Sunday","off",20842,334,4668,167,1,17.5,20.06842105,17.81684211,22.80315789,2.893894737,14.53052632,5.531578947,2.362105263,74.38297872,88.91382979,0,0,58.0837993036036,"comfy"
"855",2020-09-07,"after",31.30062,1,80,54559,"Monday","on",20959,336,4697,119,2,17.5714285714285,20.72315789,17.85789474,23.4,3.790210526,64.00210526,9.576842105,4.803157895,72.56382979,87.03191489,0,0,57.1144723401082,"comfy"
"856",2020-09-08,"after",31.70559,10,83,53254,"Tuesday","on",21090,341,4663,136,5,32.7916666666667,23.36631579,19.69263158,27.55157895,0.142947368,0.489473684,5.965263158,2.922105263,56.55744681,77.06170213,0,0,49.3344065302749,"comfy"
"857",2020-09-09,"after",27.47443,5,79,62622,"Wednesday","on",21243,344,4455,156,3,25.1428571428572,21.68,18.61578947,26.26210526,0.798,9.570526316,5.312631579,1.668421053,60.03157895,83.89468085,0,0,55.083277211713,"comfy"
"858",2020-09-10,"after",25.73157,15,83,68788,"Thursday","on",21396,346,4221,155,2,27,22.05052632,18.62,27.12,0.155368421,1.147368421,3.237894737,1.141052632,55.01052632,83.08631579,0,0,54.6226720885996,"comfy"
"859",2020-09-11,"after",23.10436,3,76,74381,"Friday","on",21568,350,4037,176,4,26.0799999999999,20.93263158,18.49052632,24.53473684,1.898210526,7.476842105,4.148421053,1.632631579,67.85263158,86.39684211,0,0,56.7458065424921,"comfy"
"860",2020-09-12,"after",16.9121,0,77,146177,"Saturday","off",21699,355,3953,136,5,13.9047619047619,19.99684211,17.91368421,23.10526316,2.416421053,9.155789474,4.379787234,2.035483871,73.30526316,87.83263158,0,0,57.0213570959379,"comfy"
"861",2020-09-13,"after",16.38226,0,75,121534,"Sunday","off",21817,358,3671,121,3,12.4285714285714,20.12210526,17.36,24.42947368,0.547473684,2.28,3.436170213,1.334042553,62.85263158,83.89368421,0,0,53.5891343333373,"comfy"
"862",2020-09-14,"after",23.08576,2,76,42684,"Monday","on",21921,363,3592,109,5,20.0869565217391,20.87578947,16.92,26.25157895,0.028631579,0.056842105,3.547368421,1.198947368,56.23157895,82.96842105,0,0,53.4345717836266,"comfy"
"863",2020-09-15,"after",22.96089,4,83,42644,"Tuesday","on",22023,367,3433,106,4,23.5200000000001,21.68947368,17.36315789,27.10526316,0.116,0.021052632,3.423157895,1.235789474,55.05263158,81.79473684,0,0,53.0128356522362,"comfy"
"864",2020-09-16,"after",22.46103,7,72,46746,"Wednesday","on",22136,367,3146,113,0,18.0526315789474,21.22210526,19.37473684,24.26736842,1.546526316,5.027368421,3.22,1.126315789,73.83157895,90.77578947,0,0,61.2905396080688,"comfy"
"865",2020-09-17,"after",20.95576,10,80,67230,"Thursday","on",22284,372,2827,153,5,18.0869565217391,20.41263158,17.85157895,23.47684211,1.991684211,3.522105263,2.943157895,1.086315789,66.38947368,87.98421053,0,0,57.6454343204259,"comfy"
"866",2020-09-18,"after",19.13205,6,88,69148,"Friday","on",22405,377,2742,126,5,20.6296296296297,19.34042553,15.28421053,24.22421053,1.007263158,1.122105263,4.295789474,1.596842105,47.76842105,77.40842105,0,0,47.2137300413234,"comfy"
"867",2020-09-19,"after",14.38168,0,79,142220,"Saturday","off",22514,378,2635,110,1,20.1304347826086,18.89473684,13.52842105,25.39789474,0.105052632,0.828421053,4.286170213,1.543617021,41.29473684,74.97157895,0,0,44.8802818432906,"comfy"
"868",2020-09-20,"after",15.34572,1,75,121566,"Sunday","off",22591,383,2545,82,5,18.5,18.15052632,12.69473684,24.88631579,0,0,4.527659574,1.620212766,34.61052632,69.99157895,0,0,40.5032153504649,"comfy"
"869",2020-09-21,"after",21.90083,1,80,39653,"Monday","on",22659,385,2434,70,2,20.6999999999999,17.18421053,11.48,23.72631579,0,0,3.330851064,1.267021277,39,72.73684211,0,0,42.3513026365381,"comfy"
"870",2020-09-22,"after",19.8919,7,86,39235,"Tuesday","on",22717,388,2412,61,3,17.0476190476191,17.68526316,13.62421053,23.18210526,0.013157895,0.007368421,4.277659574,1.815957447,49.50526316,73.48421053,0,0,43.1231837405924,"comfy"
"871",2020-09-23,"after",20.28473,10,87,62914,"Wednesday","on",22827,388,2277,110,0,12.6666666666667,18.14842105,13.76631579,22.56526316,0.274842105,0.307368421,4.347368421,2.062105263,57.28421053,74.45473684,0,0,44.0967070076067,"comfy"
"872",2020-09-24,"after",18.28871,9,77,83587,"Thursday","on",22947,393,2178,125,5,14.2380952380952,19.31578947,15.68842105,24.18421053,0.286631579,0.704210526,4.529473684,2.189473684,55.97894737,74.83789474,0,0,44.9717473693687,"comfy"
"873",2020-09-25,"after",16.96903,6,83,85816,"Friday","on",23059,395,2116,114,2,16.1363636363636,19.23617021,14.68210526,24.48315789,0.218526316,1.8,4.758947368,2.069473684,55.42105263,76.22947368,0,0,46.1327758750059,"comfy"
"874",2020-09-26,"after",13.58616,0,84,165883,"Saturday","off",23116,399,2082,61,4,16.8749999999999,18.64315789,14.60526316,24.08947368,0.151684211,0.793684211,4.281052632,1.864210526,50.50526316,74.35894737,0,0,44.24727716229,"comfy"
"875",2020-09-27,"after",13.70571,0,87,152367,"Sunday","off",23209,401,1951,95,2,15.65,18.37894737,13.56105263,24.32421053,0.132105263,0.217894737,3.869473684,1.610526316,47.57894737,75.45578947,0,0,45.0221219978061,"comfy"
"876",2020-09-28,"after",23.10095,3,78,66995,"Monday","on",23254,406,1962,50,5,20.3181818181818,17.49052632,12.39789474,24.38842105,0,0,3.413684211,1.282105263,43.36842105,76.87263158,0,0,45.6545216033024,"comfy"
"877",2020-09-29,"after",15.83913,11,93,250413,"Tuesday","on",23291,407,1963,38,1,22.9600000000001,17.48842105,11.93263158,24.34105263,0,0,3.338947368,1.223157895,43.34736842,77.32842105,0,0,46.0045849858258,"comfy"
"878",2020-09-30,"after",11.87024,9,84,337737,"Wednesday","off",23398,413,1822,113,6,23,18.12947368,13.51368421,24.14736842,0.101789474,1.289473684,3.788421053,1.457894737,49.76842105,78.37578947,0,0,47.2414569468469,"comfy"
"879",2020-10-01,"after",11.87745,0,76,372156,"Thursday","off",23473,415,1808,77,2,20.1818181818182,18.29578947,13.90631579,23.85052632,0.056105263,0.026315789,3.670526316,1.317894737,55.28421053,79.70526316,0,0,48.4337132621445,"comfy"
"880",2020-10-02,"after",12.3868,5,83,411306,"Friday","off",23535,416,1808,63,1,20.96,19.34842105,14.66842105,24.57157895,0.11,0.235789474,3.908421053,1.436842105,52.34736842,78.79263158,0,0,48.4201164359349,"comfy"
"881",2020-10-03,"after",13.01001,4,86,389456,"Saturday","off",23606,420,1803,75,4,26.5185185185186,19.51263158,16.69473684,24.15684211,0.683052632,2.34,3.063157895,1.032631579,57.57894737,82.62315789,0,0,51.8913265441554,"comfy"
"882",2020-10-04,"after",15.34344,4,84,299085,"Sunday","off",23669,421,1820,64,1,22.653846153846,18.18631579,14.03894737,22.30631579,0.921473684,0.58,5.624210526,1.845263158,51.71578947,75.85052632,0,0,45.2410680352611,"comfy"
"883",2020-10-05,"after",21.2909,8,81,89942,"Monday","on",23741,422,1825,73,1,20.4166666666667,14.12526316,8.890526316,19.54842105,0.004736842,0,5.875789474,2.622105263,36.15789474,58.00947368,0,0,32.4392209492966,"comfy"
"884",2020-10-06,"after",19.73477,3,72,78047,"Tuesday","on",23816,422,1856,75,0,18.8181818181818,13.90947368,8.292631579,20.33052632,0,0,3.982105263,1.657894737,33.11578947,65.34315789,0,0,36.8054279130698,"comfy"
"885",2020-10-07,"after",18.65648,11,78,86065,"Wednesday","on",23927,425,1734,114,3,18.75,15.75684211,10.20631579,21.67578947,0.008421053,0.003157895,4.251578947,1.853684211,38.03157895,66.33789474,0,0,37.4621538918169,"comfy"
"886",2020-10-08,"after",16.90603,10,87,89690,"Thursday","on",23994,427,1594,69,2,17.6363636363637,16.48526316,11.86631579,22.00631579,0,0,5.725263158,2.847368421,39.15789474,62.47052632,0,0,34.7139886184754,"comfy"
"887",2020-10-09,"after",12.67639,5,89,194955,"Friday","off",24047,428,1532,54,1,19.1923076923078,16.68526316,11.55368421,22.09473684,0,0,5.463157895,2.664210526,42.61052632,62.56736842,0,0,34.7523846252205,"comfy"
"888",2020-10-10,"after",12.88058,0,83,180859,"Saturday","off",24117,430,1479,72,2,19.6296296296297,16.38631579,11.66736842,21.86842105,0.000315789,0.001052632,4.032631579,1.715789474,47.78947368,70.41789474,0,0,40.3978546813334,"comfy"
"889",2020-10-11,"after",13.11324,0,83,157957,"Sunday","off",24173,432,1494,58,2,21.9230769230768,15.99789474,11.22,21.42947368,0.094842105,0,3.309473684,1.198947368,52.49473684,76.97473684,0,0,44.8422359372684,"comfy"
"890",2020-10-12,"after",18.47962,1,75,54747,"Monday","on",24270,433,1481,98,1,27,16.29894737,11.98,22.49789474,0.091894737,0.026315789,4.402105263,1.569473684,44.71578947,76.11789474,0,0,44.4147678346885,"comfy"
"891",2020-10-13,"after",19.08499,4,85,54051,"Tuesday","on",24371,434,1542,102,1,22.6666666666667,13.64736842,9.138947368,19.48842105,0.049157895,0.201052632,4.484210526,1.863157895,35.05263158,65.63157895,0,0,36.9726855278115,"comfy"
"892",2020-10-14,"after",18.72253,4,80,57007,"Wednesday","on",24440,438,1508,73,4,26.6428571428572,12.95578947,7.748421053,19.65263158,0.030210526,0.066315789,4.342105263,1.595789474,34.12631579,64.24,0,0,36.2267266528838,"comfy"
"893",2020-10-15,"after",17.25103,15,90,79026,"Thursday","on",24549,439,1410,110,1,22.9600000000001,12.42736842,7.121052632,19.23052632,0.054210526,0.471578947,3.852631579,1.538947368,26.41052632,58.15157895,0,0,33.1801521280552,"comfy"
"894",2020-10-16,"after",16.47562,8,100,83335,"Friday","on",24594,441,1467,47,2,26.6923076923076,11.84842105,7.150526316,16.64736842,0.445578947,0.437894737,2.797894737,1.014736842,48.61052632,73.7,0,0,40.8062538936162,"comfy"
"895",2020-10-17,"after",12.0323,8,98,171094,"Saturday","off",24665,443,1414,73,2,26.6538461538461,12.55052632,7.149473684,19.65263158,0.031578947,0.027368421,3.608421053,1.267368421,39.34736842,73.12,0,0,40.8078241700864,"comfy"
"896",2020-10-18,"after",12.22587,1,94,151008,"Sunday","off",24755,444,1407,91,1,25.7692307692308,12.58210526,6.311578947,20.43052632,0,0,3.594736842,1.320212766,32.74736842,69.73894737,0,0,39.0810500843316,"comfy"
"897",2020-10-19,"after",17.07189,9,93,53927,"Monday","on",24831,444,1443,76,0,38.4615384615387,13.12210526,7.108421053,21.14421053,0,0,3.392631579,1.232631579,34.88421053,72.05157895,0,0,40.45413775825,"comfy"
"898",2020-10-20,"after",17.19828,4,96,54988,"Tuesday","on",24886,447,1463,58,3,42.5,13.30105263,6.986315789,21.85789474,0,0,3.26,1.165263158,33.03157895,73.16,0,0,41.1267515362143,"comfy"
"899",2020-10-21,"after",17.65525,15,109,79010,"Wednesday","on",24972,450,1420,89,3,33.5416666666667,13.23578947,9.084210526,17.71368421,1.038526316,7.641052632,2.851578947,1.035789474,61.47368421,83.16631579,0,0,46.5899669021608,"comfy"
"900",2020-10-22,"after",15.68921,14,113,129163,"Thursday","on",25090,453,1388,121,3,46.8888888888888,13.61052632,9.892631579,18.47157895,0.392526316,1.396842105,5.213684211,2.005263158,47.93684211,74.83894737,0,0,42.2036953187301,"comfy"
"901",2020-10-23,"after",14.63825,6,122,125022,"Friday","on",25243,455,1443,155,2,24.9230769230769,10.41473684,6.702105263,15.27894737,0.018421053,0.002105263,6.193684211,3.148421053,32.98947368,54.09473684,0,0,32.3307118951524,"comfy"
"902",2020-10-24,"after",11.79015,0,110,233525,"Saturday","off",25318,457,1526,77,2,21.5384615384615,9.725263158,4.312631579,15.38210526,0,0,5.932631579,2.698947368,27.03157895,52.98736842,0,0,32.3390463258623,"comfy"
"903",2020-10-25,"after",13.22293,1,104,206537,"Sunday","off",25379,457,1484,61,0,25.1153846153846,11.92210526,5.375789474,19.46947368,0,0,4.477894737,1.771578947,35.38947368,64.59368421,0,0,36.4672363367473,"comfy"
"904",2020-10-26,"after",16.70297,2,92,75389,"Monday","on",25498,457,1510,119,0,35.0384615384617,11.80315789,5.431578947,19.91894737,0,0,3.385263158,1.177894737,36.66315789,72.05578947,0,0,40.0080925176972,"comfy"
"905",2020-10-27,"after",17.05215,4,108,77339,"Tuesday","on",25583,460,1593,88,3,43.4,12.61473684,6.148421053,20.58842105,0,0,3.148421053,1.08,38.37894737,75.10210526,0,0,41.85622488153,"comfy"
"906",2020-10-28,"after",17.52279,8,122,130025,"Wednesday","on",25685,461,1602,103,1,43.0740740740743,13.71684211,8.787368421,19.95789474,0.025684211,0,4.531578947,1.748421053,33.96842105,64.89789474,0,0,36.5520624911239,"comfy"
"907",2020-10-29,"after",16.22133,12,107,80546,"Thursday","on",25809,462,1612,125,1,27.6923076923077,10.45578947,4.193684211,17.7,0.001789474,0,3.921052632,1.602105263,25.06315789,56.75473684,0,0,33.3789577429493,"comfy"
"908",2020-10-30,"after",16.05926,4,116,135487,"Friday","on",25921,463,1641,113,1,27.96,10.74631579,4.272631579,18.38105263,0.032421053,0.006315789,3.751578947,1.456842105,33.46315789,64.84947368,0,0,36.633048908745,"comfy"
"909",2020-10-31,"after",12.12984,0,107,252892,"Saturday","off",26047,464,1694,127,1,25.1153846153846,11.62,5.170526316,18.47157895,0.031157895,0.002105263,3.588421053,1.327368421,40.33684211,69.53789474,0,0,38.7771661540973,"comfy"
"910",2020-11-01,"after",13.32275,3,96,228647,"Sunday","off",26169,466,1736,124,2,30.25,12.52210526,9.702105263,14.79894737,1.680736842,2.997894737,3.503157895,1.322105263,67.02105263,84.60105263,0,0,46.6666156592072,"comfy"
"911",2020-11-02,"after",17.11971,5,89,72249,"Monday","on",26264,468,1812,97,2,36.8799999999999,11.37263158,5.581052632,16.97473684,0.607368421,0.864210526,4.410526316,1.458510638,28.54736842,67.39263158,0,0,37.7576400637342,"comfy"
"912",2020-11-03,"after",16.73523,4,112,67671,"Tuesday","on",26335,472,1869,75,4,20.4166666666667,7.024210526,2.810526316,10.97473684,0.176736842,0.288421053,7.468421053,3.267368421,29.38947368,50.71684211,0,0,33.6034123328848,"comfy"
"913",2020-11-04,"after",16.46386,8,104,125420,"Wednesday","on",26450,474,1825,117,2,22.5925925925926,5.569473684,0.185263158,12.20315789,0,0,4.846315789,1.983157895,21.27368421,50.19578947,0,0,34.6537804522552,"comfy"
"914",2020-11-05,"after",16.52193,10,94,114139,"Thursday","on",26574,475,1839,125,1,29.2500000000001,8.707368421,0.261052632,16.34631579,0.005052632,0,3.044210526,1.131578947,30.12631579,57.64842105,0,0,34.4612645886745,"comfy"
"915",2020-11-06,"after",14.74339,9,102,141729,"Friday","on",26718,476,1897,145,1,32.8214285714285,12.48315789,8.685263158,16.59684211,0.183684211,0.032631579,2.805319149,1.006382979,43.6,66.98947368,0,0,37.6592387343417,"comfy"
"916",2020-11-07,"after",11.88238,4,101,296003,"Saturday","off",26806,477,1896,89,1,53.7777777777777,13.94315789,8.753684211,20.33473684,0.007894737,0.002105263,5.085106383,1.90212766,35.73684211,67.42526316,0,0,38.0241985481371,"comfy"
"917",2020-11-08,"after",12.64678,0,104,271066,"Sunday","off",26948,478,1980,143,1,50.9642857142856,10.07473684,4.824210526,16.16631579,0,0,6.425263158,2.775789474,18.07368421,48.46631579,0,0,30.3762541231337,"comfy"
"918",2020-11-09,"after",18.32742,1,101,82144,"Monday","on",27072,480,2043,126,2,21.2500000000001,6.871578947,1.095789474,12.31157895,0.042526316,0.004210526,5.537894737,2.227368421,20.08421053,45.38736842,0,0,32.5703291791081,"comfy"
"919",2020-11-10,"after",16.89578,6,116,79844,"Tuesday","on",27167,485,2007,100,5,23.1428571428571,7.597894737,2.023157895,14.10526316,0.002105263,0,4.431578947,1.6,26.64210526,55.74736842,0,0,34.4364846312307,"comfy"
"920",2020-11-11,"after",16.48018,7,128,96134,"Wednesday","on",27310,487,2044,145,2,28.3333333333334,7.783157895,1.207368421,16.21578947,0,0,2.985263158,1.123157895,30.18947368,61.80736842,0,0,35.9394330417763,"comfy"
"921",2020-11-12,"after",16.58835,14,124,108349,"Thursday","on",27453,487,2049,143,0,36.2499999999999,9.186315789,2.003157895,18.23052632,0,0,2.950526316,1.047368421,31.78947368,65.43368421,0,0,36.8870384945624,"comfy"
"922",2020-11-13,"after",15.14874,6,142,124890,"Friday","on",27643,488,2106,191,1,41.6785714285713,10.20631579,3.481052632,18.51368421,0,0,3.586170213,1.24893617,37.72631579,70.18947368,0,0,38.7369162090106,"comfy"
"923",2020-11-14,"after",12.12871,0,131,238921,"Saturday","off",27844,492,2208,205,4,44.4642857142855,10.63191489,4.458947368,18.62947368,0,0,3.465957447,1.189361702,42.16842105,75.01578947,0,0,40.8310214104651,"comfy"
"924",2020-11-15,"after",13.66358,1,128,216000,"Sunday","off",28051,493,2360,208,1,40.9642857142858,11.04421053,5.222105263,18.58736842,0.009578947,0.001052632,3.560638298,1.154255319,44.70526316,75.21578947,0,0,41.1217445265772,"comfy"
"925",2020-11-16,"after",18.08299,8,131,72370,"Monday","on",28272,494,2513,222,1,51.0357142857141,11.93263158,5.721052632,19.20315789,0.151578947,0.048421053,3.579787234,1.272340426,41.18947368,72.96526316,0,0,40.4890864856299,"comfy"
"926",2020-11-17,"after",18.1627,3,138,70450,"Tuesday","on",28502,494,2642,230,0,49.4444444444444,14.9,9.78,20.02210526,0.382210526,1.284210526,3.685106383,1.40106383,57.83157895,79.11473684,0,0,45.546893130241,"comfy"
"927",2020-11-18,"after",17.79834,10,142,91234,"Wednesday","on",28785,496,2812,285,2,30.2222222222223,17.65894737,13.79368421,21.18315789,1.193894737,2.687368421,5.009574468,2.10212766,69.12631579,86.29052632,0,0,53.0971028260466,"comfy"
"928",2020-11-19,"after",17.78164,10,135,86087,"Thursday","on",29108,498,3010,325,2,15.6666666666667,16.85957447,11.23052632,21.84210526,2.332210526,28.98315789,7.859574468,3.934042553,69.69473684,83.79148936,0,0,50.3867671259652,"comfy"
"929",2020-11-20,"after",17.59907,2,139,101368,"Friday","on",29453,501,3190,348,3,17.3999999999999,7.630526316,4.211578947,11.50631579,0.233789474,0.063157895,6.280851064,3.436170213,61.11578947,70.65368421,0,0,38.2312411525531,"comfy"
"930",2020-11-21,"after",13.77213,0,137,174380,"Saturday","off",29837,503,3472,386,2,22.3928571428572,7.591578947,0.901052632,13.24842105,0.139263158,0.051578947,4.217021277,1.617021277,52.43157895,73.32526316,0,0,38.8985283582791,"comfy"
"931",2020-11-22,"after",14.07539,0,129,166674,"Sunday","off",30165,505,3699,330,2,18.6153846153846,8.393684211,5.556842105,10.72,1.390421053,2.38,5.436170213,2.277659574,61.08421053,78.26526316,0,0,40.6844954114633,"comfy"
"932",2020-11-23,"after",19.23225,6,149,50530,"Monday","on",30432,509,3893,271,4,19.0370370370371,4.630526316,1.064210526,8.974736842,0.057894737,0.094736842,5.003157895,2.46,39.8,61.14421053,0,0,36.4903612792634,"comfy"
"933",2020-11-24,"after",18.67546,6,147,44059,"Tuesday","on",30780,510,4058,349,1,20.6538461538461,5.021052632,0.928421053,10.67263158,0.037263158,0,3.507368421,1.466315789,31.07368421,58.09789474,0,0,36.0368784738972,"comfy"
"934",2020-11-25,"after",18.60752,13,128,83365,"Wednesday","on",31159,513,4334,382,3,25.0740740740742,5.805263158,0.777894737,12.00736842,0,0,4.576842105,1.666315789,35.75789474,61.93368421,0,0,36.3464916051589,"comfy"
"935",2020-11-26,"after",17.87576,9,136,60903,"Thursday","on",31738,515,4788,581,2,36.2592592592592,6.869148936,2.734736842,12.29893617,0.240315789,0.156842105,3.626595745,1.443617021,39.57446809,67.12234043,0,0,37.265752925068,"comfy"
"936",2020-11-27,"after",16.66046,5,131,61281,"Friday","on",32292,516,5189,555,1,30.36,6.322105263,2.845263158,10.30736842,0.159263158,0.372631579,6.465263158,2.785263158,44.48421053,62.51263158,0,0,36.3572807475907,"comfy"
"937",2020-11-28,"after",13.53681,1,137,110677,"Saturday","off",32789,522,5440,503,6,18.3571428571428,3.016842105,0.589473684,6.309473684,0.182421053,0.205263158,5.892631579,2.922105263,30.61052632,51.34631579,0,0,36.7185123896767,"comfy"
"938",2020-11-29,"after",13.83476,2,131,105139,"Sunday","off",33238,523,5696,450,1,18.2142857142858,2.654736842,-0.930526316,6.721052632,0.151263158,0.049473684,5.193684211,2.174736842,45.29473684,60.98315789,0,0,36.9459085684665,"comfy"
"939",2020-11-30,"after",19.20455,4,125,53611,"Monday","on",33673,526,6048,438,3,19.8928571428571,2.213684211,-1.893684211,7.464210526,0.058947368,0.003157895,4.957894737,2.065263158,35.74736842,58.32,0,0,37.1239543787684,"comfy"
"940",2020-12-01,"after",21.12921,7,120,40854,"Tuesday","on",34124,526,6239,451,0,24.0769230769232,2.020212766,-3.338947368,8.494736842,0.007052632,0,3.753684211,1.545263158,23.05263158,52.52765957,0,0,37.4139317384815,"comfy"
"941",2020-12-02,"after",19.42848,6,104,40058,"Wednesday","on",34635,526,6570,511,0,21.4642857142856,3.537894737,-0.774736842,9.185263158,0.008736842,0.013684211,4.017894737,1.587368421,28.06315789,51.04631579,0,0,36.3192540735866,"comfy"
"942",2020-12-03,"after",18.2147,13,117,48299,"Thursday","on",35172,529,6820,540,3,19.8928571428571,2.74,-1.245263158,7.697894737,0.074526316,0.036842105,5.622105263,2.327368421,33.47368421,52.40631579,0,0,36.9241470421053,"comfy"
"943",2020-12-04,"after",18.5244,10,115,42529,"Friday","on",35793,536,7182,628,7,22.3214285714286,1.170526316,-3.466315789,6.835789474,0.060315789,0.033684211,4.715789474,1.952631579,30.21052632,55.49052632,0,0,37.7496026942816,"comfy"
"944",2020-12-05,"after",14.70505,0,109,68470,"Saturday","off",36366,540,7449,577,4,26.423076923077,2.329473684,-2.946315789,8.377894737,0.083578947,0.027368421,4.34,1.518947368,42.47368421,65.04421053,0,0,36.9370866104535,"comfy"
"945",2020-12-06,"after",14.89444,0,108,64329,"Sunday","off",36992,545,7864,631,5,32.8571428571428,3.567368421,-1.528421053,9.892631579,0.022842105,0.001052632,4.1,1.467368421,41.53684211,67.98210526,0,0,37.0318466156457,"comfy"
"946",2020-12-07,"after",21.05558,6,104,24014,"Monday","on",37603,549,8302,615,4,42.0357142857142,4.077659574,-0.892631579,9.532631579,0.076631579,0,4.798947368,1.807368421,44.11578947,64.78723404,0,0,36.8728613907407,"comfy"
"947",2020-12-08,"after",20.47754,9,104,21756,"Tuesday","on",37603,549,8302,0,0,22.9642857142858,1.171578947,-2.854736842,6.317894737,0.067894737,0.026315789,4.462105263,1.808421053,35.10526316,57.28421053,0,0,37.6023529472262,"comfy"
"948",2020-12-09,"after",19.98375,5,107,24744,"Wednesday","on",38853,556,8676,1257,7,27.7199999999999,1.58,-4.938947368,8.495789474,0.026315789,0,3.297894737,1.24,24.73684211,55.32526316,0,0,37.5443644682938,"comfy"
"949",2020-12-10,"after",20.1462,19,96,48472,"Thursday","on",39525,564,8888,680,8,38.2499999999998,5.069473684,1.350526316,10.35684211,0.199157895,0.033684211,3.571578947,1.205263158,42.90526316,62.81578947,0,0,36.5930410522126,"comfy"
"950",2020-12-11,"after",19.17798,4,101,40461,"Friday","on",40206,572,9049,689,8,48.7999999999999,5.563157895,1.126315789,10.80842105,0.113263158,0.004210526,3.525263158,1.130526316,48.61052632,72.72947368,0,0,37.986509236319,"comfy"
"951",2020-12-12,"after",15.37646,1,100,56294,"Saturday","off",41150,578,9657,950,6,41.6785714285713,4.304210526,-0.504210526,8.824210526,0.002631579,0,5.384210526,2.118947368,26.78947368,52.66736842,0,0,35.8712730843369,"comfy"
"952",2020-12-13,"after",16.15187,0,108,50509,"Sunday","off",42178,580,10364,1030,2,32.107142857143,1.618947368,-2.961052632,7.548421053,0.927684211,1.898947368,6.773684211,2.435789474,42.81052632,64.49473684,0.18,0.18,36.9879676843567,"comfy"
"953",2020-12-14,"after",22.08567,1,91,21875,"Monday","on",42889,587,10787,718,7,17.0740740740741,-3.974736842,-6.972631579,-0.861052632,0.931368421,0.461052632,6.444210526,3.395789474,29.01052632,46.74210526,0.374736842,0.470526316,43.5219522115303,"comfy"
"954",2020-12-15,"after",23.03756,9,109,20731,"Tuesday","on",43756,600,11197,880,13,16.2222222222223,-5.256382979,-9.018947368,-1.057894737,0.892526316,0.214736842,5.563157895,2.558947368,28.10526316,47.49361702,0.233684211,0.651578947,44.4675920232024,"comfy"
"955",2020-12-16,"after",21.69246,10,107,25057,"Wednesday","on",44822,612,11875,1078,12,17.5185185185184,-4.94787234,-8.769473684,-0.516842105,0.794105263,0.168421053,5.858947368,2.542105263,31.08421053,51.90212766,0.078947368,0.678947368,42.4063919381857,"comfy"
"956",2020-12-17,"after",20.58647,8,103,25870,"Thursday","on",45814,634,12204,1014,22,20,-3.271578947,-9.046315789,2.637894737,0.291263158,0.026315789,4.621052632,1.852631579,32.8,55.43473684,0.030526316,0.563157895,40.1019766109925,"comfy"
"957",2020-12-18,"after",20.76144,2,104,25826,"Friday","on",45814,634,12204,0,0,27.8518518518518,0.138297872,-4.833684211,5.421052632,0.482421053,0.129473684,5.55106383,2.213684211,39.65263158,59.87021277,0.025263158,0.487368421,37.697515340204,"comfy"
"958",2020-12-19,"after",16.77584,0,110,42468,"Saturday","off",46867,645,13564,1064,11,20.4285714285713,-2.547368421,-6.6,1.916842105,0.149473684,0.003157895,6.038297872,2.756382979,17.47368421,42.60736842,0.004210526,0.323157895,43.2608424212802,"comfy"
"959",2020-12-20,"after",18.2071,0,110,38944,"Sunday","off",48980,674,14258,2142,29,20.2962962962964,-1.837894737,-6.675789474,3.850526316,0.291578947,0.058947368,4.606315789,1.769473684,30.62105263,53.89789474,0.035789474,0.288421053,39.7115756940781,"comfy"
"960",2020-12-21,"after",23.34689,3,99,18550,"Monday","on",49880,698,14725,924,24,29.3333333333334,-0.402105263,-6.061052632,5.877894737,0.146631579,0.023157895,4.251578947,1.498947368,40.87368421,63.39263158,0,0.232631579,37.2801850208622,"comfy"
"961",2020-12-22,"after",22.82805,2,101,20257,"Tuesday","on",50722,722,14794,866,24,39.7142857142856,1.257894737,-3.951578947,7.497894737,0.171263158,0.015789474,4.077894737,1.357894737,46.37894737,70.57473684,0.008421053,0.167368421,36.5380477370462,"comfy"
"962",2020-12-23,"after",22.64853,12,109,65196,"Wednesday","on",51795,739,15069,1090,17,53.9642857142859,3.105263158,-2.902105263,9.026315789,0.041157895,0,3.867368421,1.376842105,51.86315789,74.00947368,0,0.109473684,37.0891560525971,"comfy"
"963",2020-12-24,"after",19.71655,7,89,65960,"Thursday","on",52763,756,15338,985,17,45.5714285714285,4.406382979,-0.009473684,9.444210526,0.1,0.008421053,6.605263158,2.76,29.46315789,58.52150538,0.003157895,0.06,36.3131746599062,"comfy"
"964",2020-12-25,"after",15.4816,3,98,141746,"Friday","off",53986,773,15938,1240,17,23.0714285714286,0.692631579,-3.463157895,5.184210526,0.235263158,0.08,5.883157895,2.444210526,34.27368421,56.06382979,0.010526316,0.045263158,37.9395591822093,"comfy"
"965",2020-12-26,"after",18.18205,0,99,87197,"Saturday","off",55097,793,16565,1131,20,41.357142857143,1.688297872,-3.764210526,8.375789474,0.026947368,0,3.767368421,1.262105263,42.82105263,67.06276596,0,0.025263158,36.8434498405417,"comfy"
"966",2020-12-27,"after",19.71086,0,99,79216,"Sunday","off",56052,808,17012,970,15,42.642857142857,3.816842105,-0.343157895,8.449473684,1.138526316,3.617894737,3.166315789,1.131578947,51.05263158,77.26526316,0,0.017894737,37.5873945894314,"comfy"
"967",2020-12-28,"after",26.74457,2,91,34456,"Monday","on",56847,819,17579,806,11,43.1481481481481,4.636842105,0.048421053,12.12,0.049894737,0.053684211,2.923157895,1.04,46.44210526,80.36631579,0,0,38.3971817893222,"comfy"
"968",2020-12-29,"after",27.10476,1,97,36828,"Tuesday","on",57851,859,17148,1044,40,42.8214285714286,2.542105263,-1.854736842,8.989473684,1.464631579,1.908421053,6.067368421,2.185263158,51.94736842,81.04421053,0.085263158,0.085263158,36.7686646314136,"comfy"
"969",2020-12-30,"after",26.81327,9,108,52810,"Wednesday","on",58881,879,17446,1050,20,23.9583333333332,-6.215789474,-9.145263158,-0.684210526,2.372526316,1.473684211,7.74893617,4.629787234,42.21052632,58.16736842,0.696842105,0.774736842,40.3798381848247,"comfy"
"970",2020-12-31,"after",23.189,7,97,65097,"Thursday","on",59827,900,17557,967,21,21.0384615384616,-5.689473684,-10.97263158,-0.845263158,1.392210526,0.436842105,5.932631579,2.797894737,42.93684211,59.93684211,0.285263158,0.887368421,39.3977542083791,"comfy"
"971",2021-01-01,"after",18.64168,5,87,60747,"Friday","off",60837,917,17884,1027,17,22.3928571428572,-2.751578947,-8.376842105,2.108421053,0.750842105,0.234736842,4.566315789,1.734736842,47.64210526,68.30105263,0.096842105,0.746315789,36.1374650320847,"comfy"
"972",2021-01-02,"after",21.10037,3,100,49018,"Saturday","off",61632,942,18054,820,25,30.2857142857143,-2.215789474,-6.230526316,1.929473684,0.465894737,0.167368421,5.485263158,2.177894737,29.84210526,55.44736842,0.145263158,0.595789474,39.5406861846496,"comfy"
"973",2021-01-03,"after",22.19877,2,93,40186,"Sunday","off",62269,962,17762,657,20,33.5925925925927,-2.722105263,-6.842105263,1.554736842,0.125789474,0.001052632,4.807368421,2.005263158,33.44210526,50.9,0.001052632,0.493684211,41.1050035261949,"comfy"
"974",2021-01-04,"after",27.86954,5,88,14518,"Monday","on",63270,981,18030,1020,19,34.2692307692309,-1.428421053,-7.289473684,4.453684211,0.275263158,0.081052632,3.514736842,1.307368421,35.02105263,59.86,0.061052632,0.443157895,38.1647110053727,"comfy"
"975",2021-01-05,"after",27.41636,3,91,15741,"Tuesday","on",63958,1007,17786,714,26,27.2222222222223,-1.715789474,-6.585263158,2.353684211,0.514842105,0.111578947,5.808421053,2.565263158,31.44210526,55.56526316,0.048421053,0.331578947,39.2493204733592,"comfy"
"976",2021-01-06,"after",25.09849,7,89,16591,"Wednesday","on",64776,1027,17781,838,20,20.9285714285715,-4.813684211,-9.958947368,-0.192631579,1.114315789,0.955789474,6.444210526,2.217894737,33.43157895,57.49052632,0.663157895,0.929473684,40.1059934301173,"comfy"
"977",2021-01-07,"after",23.19355,8,87,15393,"Thursday","on",65626,1046,17977,869,19,26.5714285714286,-10.01052632,-13.92315789,-3.355789474,2.082421053,1.596842105,8.423157895,4.145263158,34.41052632,52.10315789,0.669473684,1.468421053,45.8827443219028,"comfy"
"978",2021-01-08,"after",22.291,9,99,15419,"Friday","on",66265,1081,17896,674,35,16.7692307692307,-11.51894737,-15.82947368,-6.707368421,1.522421053,0.429473684,5.645263158,2.631578947,36.81052632,52.78,0.386315789,1.444210526,46.4384200378956,"comfy"
"979",2021-01-09,"after",19.07512,1,91,34658,"Saturday","off",66887,1100,17563,641,19,20.9166666666666,-9.497894737,-15.04421053,-3.812631579,1.282631579,0.503157895,5.817894737,2.447368421,35.10526316,55.82,0.444210526,1.689473684,43.1465171737645,"comfy"
"980",2021-01-10,"after",19.18215,0,82,30662,"Sunday","off",67519,1125,17110,657,25,24.8076923076923,-6.365263158,-13.02,-0.241052632,0.650736842,0.22,4.215789474,1.653684211,39.30526316,61.64421053,0.253684211,1.746315789,38.7839644509009,"comfy"
"981",2021-01-11,"after",24.2745,1,81,10776,"Monday","on",67955,1140,15403,451,15,32.0384615384615,-4.889473684,-8.990526316,-0.882105263,0.525368421,0.310526316,3.256842105,1.167368421,49.28421053,67.51789474,0.117894737,1.537894737,36.1422542619212,"comfy"
"982",2021-01-12,"after",22.88954,4,93,11659,"Tuesday","on",68467,1165,14898,537,25,44.5555555555556,-2.4,-8.656842105,3.078947368,0.894421053,0.556842105,4.465263158,1.622105263,44.44210526,69.64105263,0.341052632,1.715789474,35.828341474108,"comfy"
"983",2021-01-13,"after",24.39557,3,96,13497,"Wednesday","on",69008,1185,14372,561,20,92.6071428571428,3.402105263,-3.755789474,9.963157895,0.088631579,0.005263158,5.442105263,2.076842105,44,68.81578947,0.002105263,1.338947368,37.0398263156345,"comfy"
"984",2021-01-14,"after",22.9552,13,99,20741,"Thursday","on",69522,1195,13750,524,10,70.4285714285717,3.382105263,-2.412631579,10.60105263,0,0,3.633684211,1.309473684,28.38947368,62.25894737,0,0.721052632,36.8153498842909,"comfy"
"985",2021-01-15,"after",22.47925,4,109,19195,"Friday","on",70012,1217,13476,512,22,61.4285714285717,6.404210526,-0.826315789,13.54842105,0.103157895,0.044210526,6.606315789,2.492631579,51.44210526,70.48842105,0,0.544210526,37.8725701888879,"comfy"
"986",2021-01-16,"after",18.10007,2,112,35274,"Saturday","off",70573,1236,13019,580,19,56.3928571428573,-0.197894737,-4.1,4.792631579,0.163894737,0.378947368,6.225263158,3.492631579,37.28421053,55.92421053,0.282105263,0.546315789,38.4023710310934,"comfy"
"987",2021-01-17,"after",18.80792,0,108,32817,"Sunday","off",71080,1249,12827,520,13,18.925925925926,-3.19893617,-7.273684211,0.762105263,0.984,0.250526316,5.846315789,2.648421053,28.82105263,52.58829787,0.164210526,0.703157895,40.9463895096922,"comfy"
"988",2021-01-18,"after",22.58553,3,108,11784,"Monday","on",71454,1264,12731,389,15,40.2222222222222,-1.403157895,-5.973684211,3.892631579,1.279789474,1.682105263,7.655789474,2.902105263,35.66315789,65.70105263,0.452631579,1.024210526,36.8936925898132,"comfy"
"989",2021-01-19,"after",22.76847,6,115,13440,"Tuesday","on",71821,1283,12353,386,19,25.52,-4.450526316,-9.76,1.605263158,0.172736842,0.007368421,4.241052632,1.601052632,23.52631579,51.84842105,0.009473684,0.625263158,42.0718965906127,"comfy"
"990",2021-01-20,"after",22.04164,5,105,71631,"Wednesday","on",72208,1300,12028,404,17,35.2692307692307,-0.222105263,-8.221052632,8.734736842,0,0,3.012631579,1.172631579,29.10526316,57.98105263,0,0.544210526,38.0965498843922,"comfy"
"991",2021-01-21,"after",21.7251,11,110,56464,"Thursday","on",72592,1316,11746,400,16,32.3846153846152,5.072631579,-1.149473684,10.54842105,1.795052632,3.811578947,3.06,1.142105263,48.06315789,75.51263158,0,0.371578947,38.1421759633138,"comfy"
"992",2021-01-22,"after",20.75688,5,113,59664,"Friday","on",72926,1328,11511,346,12,28.3333333333334,7.137894737,4.855789474,10.13578947,1.637684211,1.657894737,2.945263158,1.062105263,82.98947368,93.61263158,0,0.221052632,43.3794032215262,"comfy"
"993",2021-01-23,"after",17.56985,0,107,154888,"Saturday","off",73348,1337,11304,431,9,17.1904761904762,7.729473684,5.294736842,10.58421053,1.710421053,3.422105263,4.795789474,2.353684211,68.53684211,82.31473684,0,0.126315789,41.2995864571611,"comfy"
"994",2021-01-24,"after",19.02199,0,113,148725,"Sunday","off",73728,1349,11198,392,12,15.2799999999999,6.706315789,2.645263158,11.76315789,0.307263158,0.091578947,4.104210526,1.764210526,50.68421053,73.29684211,0,0.012631579,38.5329999586855,"comfy"
"995",2021-01-25,"after",22.92294,11,98,52991,"Monday","on",74154,1360,11198,437,11,20.1923076923077,6.244210526,1.412631579,12.86,0,0.001052632,3.994736842,1.512631579,45.71578947,73.59894737,0,0,38.4013220422618,"comfy"
"996",2021-01-26,"after",22.27847,4,105,53749,"Tuesday","on",74492,1371,9699,349,11,22.3076923076922,5.162105263,2.714736842,7.636842105,1.933684211,6.265263158,4.454255319,1.687234043,73.24210526,87.38947368,0,0,39.6937835782336,"comfy"
"997",2021-01-27,"after",21.77823,9,108,166322,"Wednesday","on",75044,1378,9566,559,7,31.962962962963,3.529473684,-0.401052632,8.670526316,0,0,5.119148936,2.075268817,23.52631579,54.80421053,0,0,36.4812690107971,"comfy"
"998",2021-01-28,"after",20.62442,7,103,85395,"Thursday","on",75533,1386,9517,497,8,37.5555555555556,-0.334736842,-5.729473684,6.938947368,1.014105263,1.090526316,9.224210526,3.691578947,31.74736842,60.45157895,0.2,0.2,37.744599778497,"comfy"
"999",2021-01-29,"after",20.07294,3,99,89553,"Friday","on",75989,1399,9486,469,13,23.6785714285715,-5.106315789,-8.381052632,-0.842105263,0.591789474,0.154736842,7.054736842,3.523157895,31.8,47.19473684,0.130526316,0.2,44.4484924477769,"comfy"
"1000",2021-01-30,"after",16.82063,0,108,198648,"Saturday","off",76430,1414,9309,456,15,55.0740740740743,-0.006315789,-7.742105263,7.449473684,0.512315789,0.097894737,5.349473684,1.888421053,42.16842105,63.64736842,0.026315789,0.138947368,37.1990542632617,"comfy"
"1001",2021-01-31,"after",18.16687,0,105,185971,"Sunday","off",76778,1420,8900,354,6,45.75,3.683157895,-4.474736842,11.06105263,0.222631579,0.644210526,4.32,1.544210526,34.91578947,65.46526316,0,0.044210526,36.9221141474713,"comfy"
"1002",2021-02-01,"after",26.9833,6,99,60260,"Monday","on",77078,1425,8769,305,5,56.0714285714286,7.038947368,2.630526316,11.01894737,1.570105263,9.934736842,5.993684211,2.362105263,53.42105263,79.66842105,0,0,40.0998712885715,"comfy"
"1003",2021-02-02,"after",24.54967,8,111,59759,"Tuesday","on",77404,1435,8629,336,10,28.4999999999999,-1.723157895,-4.626315789,4.045263158,0.363578947,0.038947368,6.853684211,3.752631579,26.10526316,42.37789474,0.036842105,0.036842105,42.3262830890564,"comfy"
"1004",2021-02-03,"after",21.93613,11,107,107395,"Wednesday","on",77865,1441,8566,467,6,28.1111111111111,-1.412631579,-7.117894737,3.738947368,0.445789474,0.704210526,5.232631579,2.129473684,27.52631579,52.67894737,0.266315789,0.290526316,39.7169405786404,"comfy"
"1005",2021-02-04,"after",20.84342,10,96,82535,"Thursday","on",78309,1448,8605,451,7,25.7407407407407,0.224731183,-4.105263158,4.668085106,0.282947368,0.751578947,6.08,2.665263158,26.31578947,49.32978723,0.123157895,0.373684211,39.0553765646448,"comfy"
"1006",2021-02-05,"after",20.30484,6,99,84352,"Friday","on",78668,1459,8551,370,11,25.8076923076923,1.704210526,-4.870526316,7.732631579,0.115157895,0.049473684,4.225263158,1.650526316,31.49473684,55.34526316,0,0.087368421,37.476925273739,"comfy"
"1007",2021-02-06,"after",17.12351,4,105,179138,"Saturday","off",79053,1464,8548,390,5,49.4642857142855,5.545263158,-0.918947368,11.77684211,0.023052632,0,4.583157895,1.842105263,47.96842105,71.13263158,0,0.003157895,37.7454760422904,"comfy"
"1008",2021-02-07,"after",18.09856,0,100,162214,"Sunday","off",79417,1471,8552,371,7,63.8928571428574,5.847368421,0.544210526,11.62421053,0.124210526,0.157894737,5.451578947,2.278947368,34.24210526,64.75789474,0.025263158,0.025263158,36.7975400005154,"comfy"
"1009",2021-02-08,"after",22.6584,8,91,61927,"Monday","on",79702,1474,8484,288,3,21.1851851851852,-0.483157895,-3.536842105,3.428421053,0.164105263,0.28,6.755789474,3.482105263,24.85263158,42.68736842,0.246315789,0.265263158,40.7728794899651,"comfy"
"1010",2021-02-09,"after",20.7398,2,92,64470,"Tuesday","on",79997,1482,8321,303,8,21.7142857142856,0.084210526,-5.636842105,6.416842105,0.028947368,0.008421053,4.746315789,2.057894737,27.64210526,48.17446809,0.007368421,0.254736842,39.3345976703811,"comfy"
"1011",2021-02-10,"after",18.3593,17,95,108568,"Wednesday","on",80437,1486,8211,444,4,31.392857142857,2.818947368,-3.678947368,9.591578947,0,0,4.408421053,1.691578947,40.34736842,62.93085106,0,0.126315789,36.9150786142629,"comfy"
"1012",2021-02-11,"after",13.73949,4,90,167142,"Thursday","off",80931,1496,8293,504,10,46.6071428571429,4.701052632,-0.967368421,11.32736842,0,0,3.257894737,1.142105263,37.42105263,68.60842105,0,0.051578947,37.2401769892709,"comfy"
"1013",2021-02-12,"after",13.563,0,87,167858,"Friday","off",81323,1507,8387,403,11,52.6785714285716,6.183157895,0.273684211,15.04,0.030210526,0,3.196842105,1.051578947,25.22105263,62.22947368,0,0.003157895,36.3283455360383,"comfy"
"1014",2021-02-13,"after",15.88467,0,94,197651,"Saturday","off",81678,1514,8451,362,7,55.2222222222222,6.763157895,-0.78,16.65578947,0,0,3.053684211,1.056842105,22.12631579,59.26,0,0,35.6030067104398,"comfy"
"1015",2021-02-14,"after",18.43293,0,96,174552,"Sunday","off",81996,1522,8437,326,8,53.5769230769229,8.449473684,2.737894737,14.56105263,1.121157895,2.563157895,3.089473684,0.928421053,42.52631579,70.88315789,0,0,38.5181120143169,"comfy"
"1016",2021-02-15,"after",25.89249,9,91,70062,"Monday","on",82334,1527,8540,343,5,30.0000000000001,3.655789474,-1.949473684,8.858947368,0.961684211,0.531578947,8.541052632,4.022105263,38.22105263,65.73052632,0,0,36.9349722738894,"comfy"
"1017",2021-02-16,"after",25.66932,2,97,62858,"Tuesday","on",82784,1534,8233,457,7,20.1851851851853,-1.506315789,-5.288421053,3.356842105,0.775157895,0.931578947,7.326315789,3.337894737,31.06315789,54.58631579,0.266315789,0.266315789,39.3570724364541,"comfy"
"1018",2021-02-17,"after",24.22629,7,91,80865,"Wednesday","on",83401,1538,8041,621,4,28.9999999999999,-5.618947368,-7.54,-2.795789474,1.676947368,0.713684211,8.189473684,4.806315789,36.57894737,51.67894737,0.210526316,0.391578947,42.9823831042686,"comfy"
"1019",2021-02-18,"after",23.30286,7,96,81164,"Thursday","on",84016,1544,8120,621,6,32.2857142857142,-3.987368421,-8.323157895,0.313684211,1.075473684,0.263157895,6.408421053,3.490526316,38.68421053,53.88421053,0.217894737,0.422105263,41.025058314463,"comfy"
"1020",2021-02-19,"after",21.83403,11,102,80009,"Friday","on",84571,1550,8058,561,6,36.4285714285713,2.815789474,-5.918947368,10.09789474,0,0,6.16,2.714736842,37.58947368,59.39157895,0,0.201052632,36.9009113156987,"comfy"
"1021",2021-02-20,"after",17.13337,5,107,156198,"Saturday","off",85017,1553,7934,449,3,57.1785714285714,9.72,3.317894737,16.61368421,0,0,6.078947368,2.781052632,33.85263158,61.43894737,0,0.029473684,35.4262287268919,"comfy"
"1022",2021-02-21,"after",16.92728,1,99,148410,"Sunday","off",85428,1557,7912,415,4,52.1428571428572,12.34,3.64,20.90947368,0,0,6.691578947,2.912631579,29.74736842,57.20210526,0,0,32.7375143457839,"comfy"
"1023",2021-02-22,"after",22.56351,2,99,61468,"Monday","on",85755,1562,7868,332,5,43.0740740740743,10.1,3.257894737,17.91263158,0,0,6.753684211,2.890526316,31.25263158,59.36842105,0,0,34.5480157884612,"comfy"
"1024",2021-02-23,"after",23.59929,3,106,65159,"Tuesday","on",86100,1573,7706,356,11,37.6799999999999,2.953684211,-1.481052632,8.46,0.114,0.069473684,5.206315789,2.506315789,19.90526316,40.54947368,0.022105263,0.022105263,36.643057115123,"comfy"
"1025",2021-02-24,"after",22.41018,15,110,112130,"Wednesday","on",86537,1576,7487,440,3,34.1200000000001,3.363157895,-2.086315789,10.21263158,0.012105263,0,3.673684211,1.413684211,20.69473684,47.77052632,0,0,36.3444746841038,"comfy"
"1026",2021-02-25,"after",22.71875,6,119,85570,"Thursday","on",86927,1581,7440,395,5,38.5185185185186,4.257894737,-0.398947368,8.528421053,1.110526316,4.012631579,3.527368421,1.307368421,47.47368421,70.19473684,0,0,37.2954372367131,"comfy"
"1027",2021-02-26,"after",21.48788,3,112,85210,"Friday","on",87310,1585,7430,387,4,28.5555555555555,7.453684211,2.205263158,13.25578947,0.560210526,1.058947368,5.835789474,2.661052632,33.55789474,60.57263158,0,0,35.6995594948731,"comfy"
"1028",2021-02-27,"after",17.10491,1,113,158912,"Saturday","off",87715,1595,7382,415,10,19.76,7.090526316,2.832631579,11.54526316,0.143789474,0.192631579,5.990526316,3.093684211,42.4,58.37052632,0,0,35.2930746956157,"comfy"
"1029",2021-02-28,"after",17.42638,1,112,186084,"Sunday","off",88062,1603,7365,355,8,21.9615384615385,7.452631579,1.445263158,12.56105263,0.524421053,0.276842105,4.071578947,1.630526316,43.94736842,67.84631579,0,0,37.4920690527676,"comfy"
"1030",2021-03-01,"after",22.03557,7,108,162608,"Monday","off",88415,1605,7345,355,2,16.6666666666667,8.135789474,3.204210526,13.13578947,4.401368421,47.95157895,7.033684211,2.831578947,71.52631579,91.76842105,0.481052632,0.481052632,44.3223337891639,"comfy"
"1031",2021-03-02,"after",39.41603,10,111,47070,"Tuesday","on",88758,1606,7420,344,1,16.4285714285715,2.694736842,-0.617894737,6.404210526,0.89,2.593684211,5.348421053,2.514736842,53.92631579,77.74210526,0.172631579,0.638947368,36.8994936841504,"comfy"
"1032",2021-03-03,"after",40.56339,5,107,77666,"Wednesday","on",89196,1612,7496,444,6,26.2857142857142,3.523157895,-2.504210526,9.610526316,0,0,3.557894737,1.365263158,40.22105263,71.21894737,0,0.396842105,37.1592146633007,"comfy"
"1033",2021-03-04,"after",39.10063,11,100,79700,"Thursday","on",89613,1619,7451,424,7,27.2962962962964,5.954736842,1.410638298,10.53297872,1.295578947,5.516842105,3.354255319,1.312765957,54.86170213,79.63052632,0,0.258947368,39.2937048585252,"comfy"
"1034",2021-03-05,"after",35.00079,4,99,87069,"Friday","on",90003,1627,7443,398,8,27.8148148148149,8.802105263,2.886315789,16.77157895,0.144210526,0.126315789,4.137894737,1.552631579,40.90526316,75.96736842,0,0.176842105,40.2276081995805,"comfy"
"1035",2021-03-06,"after",24.80624,2,99,222782,"Saturday","off",90416,1632,7503,418,5,28.6399999999999,6.111578947,2.861052632,11.52842105,0.524526316,0.306315789,5.564210526,2.625263158,55.64210526,75.62340426,0.024210526,0.103157895,38.7025169782351,"comfy"
"1036",2021-03-07,"after",24.92086,0,99,214448,"Sunday","off",90830,1634,7610,416,2,23.7407407407407,5.787368421,2.746315789,10.42421053,0.091157895,0.021052632,3.892631579,1.722105263,51.26315789,71.37157895,0.001052632,0.103157895,37.8541791267192,"comfy"
"1037",2021-03-08,"after",35.46535,7,100,58547,"Monday","on",91168,1642,7694,346,8,33.9615384615385,6.145263158,0.438947368,13.22421053,0.011368421,0.001052632,4.093684211,1.507368421,36.2,71.73473684,0,0.047368421,38.0277129680801,"comfy"
"1038",2021-03-09,"after",31.69193,8,108,55426,"Tuesday","on",91611,1645,7711,446,3,35.3333333333334,7.303157895,1.821052632,13.73368421,0,0,4.511578947,1.654736842,31.18947368,63.20842105,0,0,36.3675813888136,"comfy"
"1039",2021-03-10,"after",29.76688,4,93,58456,"Wednesday","on",92078,1648,7766,470,3,55.9629629629629,7.952631579,1.172631579,15.68315789,0,0,4.550526316,1.82,31.25263158,60.60736842,0,0,35.5792599207522,"comfy"
"1040",2021-03-11,"after",28.07108,10,101,71930,"Thursday","on",92539,1652,7864,465,4,63.25,9.386315789,1.567368421,17.20631579,0.268421053,1.408421053,3.630526316,1.34,30.37894737,63.48842105,0,0,36.2099679886104,"comfy"
"1041",2021-03-12,"after",24.49501,11,109,79767,"Friday","on",93017,1662,7274,488,10,44.8076923076923,8.506315789,6.555789474,10.93052632,7.893789474,12.80736842,5.005263158,2.238947368,62.01052632,83.42947368,0,0,42.3161004088145,"comfy"
"1042",2021-03-13,"after",18.22191,0,103,177137,"Saturday","off",93502,1667,6877,490,5,42.75,8.373684211,3.146315789,14.60210526,0.049157895,0,4.382105263,1.711578947,43.06315789,72.59684211,0,0,39.0017165015695,"comfy"
"1043",2021-03-14,"after",18.90547,0,99,165520,"Sunday","off",93959,1669,6551,459,2,52.6666666666668,8.448421053,2.834736842,14.88105263,0,0,4.050526316,1.444210526,45.48421053,73.66210526,0,0,39.3471399676348,"comfy"
"1044",2021-03-15,"after",25.17288,16,106,46429,"Monday","on",94332,1675,6578,379,6,49.5185185185183,10.64105263,2.462105263,17.17578947,0.245684211,0.377894737,4.937894737,1.792631579,36.70526316,69.04842105,0,0,38.3710473880983,"comfy"
"1045",2021-03-16,"after",23.72568,8,98,48900,"Tuesday","on",94692,1678,6437,363,3,73.9285714285713,11.05052632,4.889473684,16.88631579,0.713684211,2.049473684,5.908421053,2.757894737,23.77894737,59.40631579,0,0,34.2574568830875,"comfy"
"1046",2021-03-17,"after",23.61447,13,106,68423,"Wednesday","on",95153,1686,6339,469,8,76.5,8.428421053,1.263157895,16.46842105,0,0,4.168421053,1.642105263,29.02105263,59.73789474,0,0,35.1978117218799,"comfy"
"1047",2021-03-18,"after",21.49775,20,103,74377,"Thursday","on",95596,1688,6418,445,2,67.5714285714286,9.88,3.056842105,17.12,0.001789474,0,4.393684211,1.66,40.43157895,67.05368421,0,0,37.4874465576983,"comfy"
"1048",2021-03-19,"after",19.16963,3,106,73637,"Friday","on",96057,1690,6534,463,2,50.2222222222221,11.65368421,7.458947368,17.08421053,0.115157895,0.401052632,4.572631579,2.055789474,42.65263158,63.11578947,0,0,35.7920934720347,"comfy"
"1049",2021-03-20,"after",16.0437,1,104,176741,"Saturday","off",96501,1693,6552,447,3,28.5599999999999,8.981052632,6.88,11.32315789,2.372631579,6.601052632,4.45,1.757894737,63.85263158,87.39263158,0,0,44.0526147166134,"comfy"
"1050",2021-03-21,"after",16.77395,1,98,152603,"Sunday","off",96954,1696,6626,456,3,35.3333333333334,7.047368421,4.227368421,10.75368421,0.105368421,0.032631579,7.787368421,3.977894737,37.28421053,62.19894737,0,0,36.1715210793122,"comfy"
"1051",2021-03-22,"after",22.64625,12,106,43209,"Monday","on",97368,1697,6757,415,1,34.0357142857144,6.701052632,1.924210526,11.79263158,0.031578947,0.009473684,6.968421053,3.447368421,25.41052632,47.14210526,0,0,33.1134389989409,"comfy"
"1052",2021-03-23,"after",21.77444,2,106,44215,"Tuesday","on",97707,1704,6628,346,7,69.222222222222,9.265263158,1.381052632,16.77368421,0,0,6.148421053,2.531578947,27.82105263,54.90842105,0,0,33.2962851885175,"comfy"
"1053",2021-03-24,"after",21.25105,15,121,79648,"Wednesday","on",98132,1707,6572,428,3,48.0357142857145,10.34421053,3.535789474,17.11789474,0,0,4.673684211,1.853684211,28.35789474,57.27021277,0,0,33.635129468658,"comfy"
"1054",2021-03-25,"after",21.96004,10,114,82619,"Thursday","on",98560,1709,6492,430,2,43.6428571428573,11.82,4.536842105,19.74947368,0,0,4.523157895,1.691578947,29.35789474,60.94421053,0,0,34.7403175964853,"comfy"
"1055",2021-03-26,"after",18.80223,4,111,92743,"Friday","on",99042,1716,6412,489,7,57.2500000000001,12.50315789,4.273684211,21.28526316,0,0,4.088297872,1.471578947,19.95789474,55.79789474,0,0,31.9497919198146,"comfy"
"1056",2021-03-27,"after",15.81863,5,118,252086,"Saturday","off",99542,1721,6067,505,5,44.08,12.23894737,7.090526316,16.13263158,2.666,27.96842105,5.286315789,2.116842105,50.8,80.89578947,0,0,44.5451512994369,"comfy"
"1057",2021-03-28,"after",16.02624,0,107,225309,"Sunday","off",100023,1722,6168,482,1,23.6818181818182,12.00947368,9.244210526,15.80315789,1.336105263,4.804210526,6.318947368,2.916842105,65.53684211,82.61894737,0,0,45.196019533852,"comfy"
"1058",2021-03-29,"after",20.91591,3,102,64528,"Monday","on",100401,1726,6277,382,4,362.740740740739,12.37157895,8.173684211,17.34736842,0.124526316,0.044210526,5.748421053,2.729473684,27.50526316,55.73052632,0,0,31.9829250112958,"comfy"
"1059",2021-03-30,"after",20.05055,2,118,61726,"Tuesday","on",100845,1729,6282,447,3,148.925925925925,11.63157895,5.338947368,19.30421053,0,0,4.685263158,1.774736842,17.8,46.13789474,0,0,27.904428683009,"comfy"
"1060",2021-03-31,"after",19.11877,10,106,110776,"Wednesday","on",101349,1731,6319,506,2,50.5357142857141,12.47578947,3.565263158,21.41578947,0,0,3.831578947,1.408421053,20.81052632,54.02736842,0,0,31.0627877490509,"comfy"
"1061",2021-04-01,"after",18.90698,23,125,65824,"Thursday","on",101896,1735,6457,551,4,50.0740740740741,13.99789474,7.244210526,19.79894737,0.232421053,0.630526316,6.051578947,2.867368421,28.94736842,49.94526316,0,0,27.7445039144534,"comfy"
"1062",2021-04-02,"after",17.85716,11,122,68983,"Friday","on",102451,1737,6590,557,2,45.7777777777779,15.98631579,11.26210526,21.07578947,0.349473684,0.307368421,5.227368421,2.692631579,38.76842105,55.23473684,0,0,29.7850482140484,"comfy"
"1063",2021-04-03,"after",14.74187,2,113,187489,"Saturday","off",102991,1740,6795,543,3,33.6190476190476,14.34680851,11.68736842,17.30421053,2.970105263,30.35368421,4.853684211,2.032631579,63.31578947,86.78736842,0,0,49.8091989101873,"comfy"
"1064",2021-04-04,"after",14.71796,2,112,160755,"Sunday","off",103529,1744,6940,542,4,18.2,10.16421053,7.241052632,13.76526316,1.805052632,9.085263158,5.435789474,2.806315789,62.15789474,81.59157895,0,0,43.1516389093724,"comfy"
"1065",2021-04-05,"after",20.59368,5,112,43160,"Monday","on",103999,1748,7099,474,4,22.1666666666667,9.872631579,3.697894737,16.73578947,0.049263158,0.065263158,4.673684211,1.890526316,26.04210526,58.96526316,0,0,34.4711403849774,"comfy"
"1066",2021-04-06,"after",19.13585,12,123,40883,"Tuesday","on",104472,1752,7109,477,4,30.9230769230768,11.76947368,4.453684211,19.23473684,0,0,5.392631579,1.894736842,23.37894737,54.96736842,0,0,31.9316769965683,"comfy"
"1067",2021-04-07,"after",18.40295,15,121,56611,"Wednesday","on",105136,1756,7208,668,4,41.0384615384615,13.27473684,6.005263158,20.60947368,0,0,5.321052632,2.016842105,21.84210526,50.41684211,0,0,28.5937916674307,"comfy"
"1068",2021-04-08,"after",17.89322,16,109,52712,"Thursday","on",105834,1758,7474,700,2,31.6153846153847,11.95684211,6.184210526,18.44210526,0.024842105,0.038947368,5.390526316,2.18,21.21052632,51,0,0,29.9168107858725,"comfy"
"1069",2021-04-09,"after",19.50173,6,108,60001,"Friday","on",106499,1764,7713,671,6,28.6666666666667,10.40315789,3.976842105,16.81684211,0.105263158,0.429473684,5.371578947,2.221052632,33.51578947,57.07263158,0,0,33.5304828814672,"comfy"
"1070",2021-04-10,"after",13.39676,1,110,119307,"Saturday","off",107175,1765,7874,677,1,28.24,10.62736842,3.925263158,17.63473684,0,0,4.353684211,1.792631579,32.8,60.58842105,0,0,34.8806573886616,"comfy"
"1071",2021-04-11,"after",13.63398,1,106,108861,"Sunday","off",107786,1768,7677,614,3,33.4814814814816,12.97684211,4.545263158,20.75263158,0,0,4.105263158,1.591578947,23.38947368,55.71894737,0,0,31.6661813878852,"comfy"
"1072",2021-04-12,"after",22.67586,1,99,39056,"Monday","on",108371,1770,7567,587,2,26.7916666666666,12.67052632,10.10526316,15.98842105,3.551684211,22.97368421,5.5,2.074736842,42.03157895,79.17684211,0,0,43.9989996159828,"comfy"
"1073",2021-04-13,"after",20.28511,7,117,40305,"Tuesday","on",108908,1775,7576,542,5,18.3888888888889,11.83894737,6.432631579,16.57894737,0.888315789,3.065263158,6.843157895,3.492631579,42.92631579,70.71052632,0,0,39.3804709234808,"comfy"
"1074",2021-04-14,"after",18.69406,6,110,39199,"Wednesday","on",109632,1782,7649,731,7,25.4444444444444,9.136842105,3.789473684,15.24526316,0.068421053,0.089473684,6.185263158,2.78,23.74736842,50.99473684,0,0,32.0589557889698,"comfy"
"1075",2021-04-15,"after",18.33311,12,94,76248,"Thursday","on",110324,1788,7811,698,6,31.1111111111111,10.24421053,2.687368421,17.71368421,0,0,4.149473684,1.574736842,22.10526316,54.19052632,0,0,32.4703547994649,"comfy"
"1076",2021-04-16,"after",17.29051,6,97,93299,"Friday","on",110995,1790,7933,673,2,51.0000000000002,11.93052632,5.775789474,17.50842105,0.302842105,0.155789474,5.162105263,1.983157895,44.33684211,68.86315789,0,0,38.5177425247692,"comfy"
"1077",2021-04-17,"after",14.18925,1,99,167374,"Saturday","off",111649,1794,8055,658,4,88.7500000000004,10.55894737,5.908421053,16.47368421,0.104526316,0.171578947,7.451578947,2.798947368,23.36842105,57.77052632,0,0,33.7467082221317,"comfy"
"1078",2021-04-18,"after",14.17217,2,99,138435,"Sunday","off",112317,1797,8311,671,3,32.0000000000001,10.47578947,5.362105263,16.11368421,0.062315789,0.089473684,6.205263158,3.142105263,31.36842105,54.27789474,0,0,32.3682305718679,"comfy"
"1079",2021-04-19,"after",18.63143,3,85,45141,"Monday","on",112845,1801,8371,532,4,40.4999999999999,13.11157895,4.276842105,21.04,0,0,5.514736842,2.403157895,24.01052632,50.03052632,0,0,28.5133898106748,"comfy"
"1080",2021-04-20,"after",18.70051,3,88,45866,"Tuesday","on",113393,1802,8166,549,1,47.1481481481483,15.12659574,6.630526316,24.01578947,0,0,4.510526316,1.721052632,22.09473684,50.10425532,0,0,26.9271321676378,"comfy"
"1081",2021-04-21,"after",17.73002,6,93,57495,"Wednesday","on",114120,1806,8243,731,4,53.2142857142857,17.12446809,8.40106383,25.96276596,0,0,3.82,1.338947368,22.94736842,52.75157895,0,0,27.3048786666789,"comfy"
"1082",2021-04-22,"after",17.0085,16,102,53146,"Thursday","on",114853,1808,8394,735,2,48.28,18.71789474,13.03157895,25.30842105,0.133263158,0.002105263,5.070526316,1.830526316,24.61052632,47.67578947,0,0,22.0009714887112,"comfy"
"1083",2021-04-23,"after",16.27257,2,92,61472,"Friday","on",115647,1811,8576,797,3,30.3703703703704,17.41578947,14.11157895,21.45368421,0.415473684,0.024210526,5.92,2.76,31.64210526,47.09157895,0,0,22.7689848213611,"comfy"
"1084",2021-04-24,"after",12.94131,1,95,185492,"Saturday","off",116431,1812,8650,785,1,25.5416666666668,16.16947368,11.12210526,22.50315789,0.108842105,0.032631579,4.574736842,1.876842105,33,54.96421053,0,0,29.496458615441,"comfy"
"1085",2021-04-25,"after",13.13602,2,96,123762,"Sunday","off",117074,1813,8599,644,1,28.1666666666667,14.96526316,8.805263158,21.39894737,0.010526316,0.005263158,5.409473684,2.249473684,36.38947368,60.59578947,0,0,33.76074442868,"comfy"
"1086",2021-04-26,"after",16.86048,5,98,45837,"Monday","on",117569,1817,8719,499,4,25.0952380952381,13.74842105,7.313684211,20.22315789,0,0,4.613684211,1.988421053,29.35789474,56.10736842,0,0,31.4933128533243,"comfy"
"1087",2021-04-27,"after",17.1292,1,108,56405,"Tuesday","on",118078,1820,8383,512,3,25.5833333333334,14.68723404,8.847368421,20.03473684,0.431578947,0.352631579,4.162105263,1.692631579,38.33684211,63.24631579,0,0,35.4877276086987,"comfy"
"1088",2021-04-28,"after",17.07417,8,113,121196,"Wednesday","on",118845,1821,8597,768,1,58.8461538461539,15.99042553,11.44,21.32526316,0.105894737,0.242105263,4.712631579,1.922105263,31.68421053,60.76526316,0,0,33.612721130996,"comfy"
"1089",2021-04-29,"after",17.05367,6,107,89316,"Thursday","on",119521,1825,8734,680,4,65.0740740740742,14.88210526,10.61578947,20.43052632,0.639684211,1.642105263,6.35212766,2.068421053,31.91578947,61.06421053,0,0,34.0795268346571,"comfy"
"1090",2021-04-30,"after",16.32153,7,119,118511,"Friday","on",120179,1828,8757,661,3,39.2500000000001,13.30526316,9.533684211,17.73473684,1.160842105,7.412631579,7.412631579,3.008421053,39.78947368,67.05157895,0,0,37.7553555805657,"comfy"
"1091",2021-05-01,"after",14.10613,1,95,204548,"Saturday","off",120803,1831,8466,627,3,26.3181818181818,10.41052632,8.265263158,13.68315789,1.845473684,9.352631579,6.075789474,2.591578947,54.93684211,78.36105263,0,0,42.0628114232379,"comfy"
"1092",2021-05-02,"after",13.73152,0,95,159644,"Sunday","off",121407,1833,8542,606,2,25.0769230769231,11.97157895,7.207368421,18.01789474,0.539263158,1.590526316,5.321052632,2.434736842,38.53684211,67.75263158,0,0,37.9890031323897,"comfy"
"1093",2021-05-03,"after",20.31547,0,90,57385,"Monday","on",121894,1834,8538,488,1,26.5000000000001,14.04315789,6.164210526,21.33894737,0,0,4.813684211,1.905263158,29.08421053,62.59578947,0,0,35.1809598196074,"comfy"
"1094",2021-05-04,"after",18.25075,1,100,77916,"Tuesday","on",122429,1840,8301,541,6,24.08,15.72947368,11.01789474,19.60947368,2.435684211,19.61368421,6.089473684,2.497894737,61.04210526,81.72526316,0,0,47.9069734031338,"comfy"
"1095",2021-05-05,"after",14.65533,11,111,326660,"Wednesday","off",123098,1847,8154,676,7,42.0769230769229,15.23894737,9.426315789,20.60631579,0.291052632,1.171578947,7.158947368,3.176842105,23.26315789,55.33263158,0,0,30.2518168524762,"comfy"
"1096",2021-05-06,"after",17.20131,8,97,61445,"Thursday","on",123668,1851,8177,574,4,61.6071428571431,14.89157895,5.758947368,22.49052632,0.003368421,0,4.561052632,1.8,23.91578947,50.30315789,0,0,27.2431231317373,"comfy"
